№	<DATE>	<OPEN>	<HIGH>	<LOW>	<CLOSE>	<VOL>
1	03.04.2006	21,05	21,12	20,66	20,68	50263600
2	10.04.2006	20,68	21,01	20,45	20,63	34291400
3	17.04.2006	20,65	21,12	20,43	20,93	57082400
4	24.04.2006	20,88	21,07	20,63	20,99	53660600
5	01.05.2006	21,05	21,45	20,09	21,35	62954800
6	08.05.2006	21,43	21,88	21,41	21,59	81443000
7	15.05.2006	21,6	22,01	21,53	21,83	79189200
8	22.05.2006	21,78	22,38	21,69	22,25	70147000
9	29.05.2006	22,11	22,16	21,78	21,94	44294600
10	05.06.2006	21,9	21,94	21,53	21,77	64450400
11	12.06.2006	21,84	21,84	21,25	21,63	63711200
12	19.06.2006	21,61	21,67	21,31	21,38	41727800
13	26.06.2006	21,37	21,75	21,14	21,58	49896200
14	03.07.2006	21,06	21,8	21,42	21,6	29096200
15	10.07.2006	21,65	22,04	21,19	21,33	55938800
16	17.07.2006	21,28	22,16	21,27	21,95	67059000
17	24.07.2006	21,94	22,34	21,86	22,27	56925000
18	31.07.2006	22,26	22,4	21,88	21,93	40093000
19	07.08.2006	21,93	22,09	21,74	21,88	35526800
20	14.08.2006	22	22,23	21,88	22,15	39673000
21	21.08.2006	22,18	22,31	22,04	22,26	34769600
22	28.08.2006	22,26	22,07	22,18	22,54	43040000
23	04.09.2006	22,51	22,54	22,16	22,3	32068800
24	11.09.2006	22,15	22,49	22,15	22,03	42297000
25	18.09.2006	22,26	22,4	21,97	22	41209000
26	25.09.2006	22,09	22,5	22,01	22,36	42869600
27	02.10.2006	22,45	22,48	21,9	22,39	41620400
28	09.10.2006	22,28	22,33	21,93	22,02	65204800
29	16.10.2006	22,08	23,56	21,86	23,36	123923000
30	23.10.2006	23,38	23,75	23,35	23,45	81349000
31	30.10.2006	23,49	23,6	23,02	23,25	53194000
32	06.11.2006	23,35	23,51	23,14	23,24	66178000
33	13.11.2006	23,21	23,69	23,08	23,62	64089400
34	20.11.2006	23,56	23,62	23,41	23,46	32195000
35	27.11.2006	23,43	23,51	23,12	23,27	60551200
36	04.12.2006	23,37	24,49	23,28	24,44	87532800
37	11.12.2006	24,43	24,68	24,19	24,47	73776600
38	18.12.2006	24,43	24,55	24,13	24,2	52982600
39	25.12.2006	24,21	24,41	24,01	24,01	30329000
40	01.01.2007	24,18	24,44	24,09	24,11	29918800
41	08.01.2007	24,09	24,44	24,04	24,28	48914600
42	15.01.2007	24,24	24,43	24,04	24,13	42357800
43	22.01.2007	24,06	24,18	23,09	23,92	44474000
44	29.01.2007	23,88	24,21	23,75	24,11	40078600
45	05.02.2007	24,04	24,12	23,82	23,89	35499400
46	12.02.2007	23,91	24,28	23,79	23,94	81999552
47	19.02.2007	23,76	23,97	23,59	23,62	64868600
48	26.02.2007	23,85	23,95	22,82	22,93	70612158
49	05.03.2007	22,09	23,84	22,89	23,78	105323404
50	12.03.2007	23,83	24	23,3	23,59	114571854
51	19.03.2007	23,67	24,22	23,52	24,03	77575256
52	26.03.2007	23,98	24,25	23,43	24	72546544
53	02.04.2007	24,01	24,89	24,03	24,76	73163084
54	09.04.2007	24,08	25,16	24,71	24,95	86106954
55	16.04.2007	25,01	26,09	24,97	26,07	121019764
56	23.04.2007	25,98	26,12	25,69	26,04	68184376
57	30.04.2007	25,96	26,66	25,93	26,63	89628444
58	07.05.2007	26,61	26,83	26,09	26,36	64127680
59	14.05.2007	26,27	26,5	26,05	26,31	81841534
60	21.05.2007	26,32	26,38	25,58	25,95	85503198
61	28.05.2007	26,02	26,73	25,96	26,39	73854140
62	04.06.2007	26,38	26,04	25,52	25,83	70318120
63	11.06.2007	25,84	28,48	25,53	25,79	78860200
64	18.06.2007	25,79	26,13	25,56	25,83	85568758
65	25.06.2007	25,84	26,48	25,75	26,15	89383214
66	02.07.2007	26,33	26,05	26,15	26,03	42467070
67	09.07.2007	26,37	26,63	25,09	26,56	70974276
68	16.07.2007	26,07	27,25	26,41	26,58	122163912
69	23.07.2007	26,67	27,11	26,11	26,13	101897352
70	30.07.2007	26,53	27,04	25,9	26,64	93611904
71	06.08.2007	26,58	28,36	26,58	27,47	122890600
72	13.08.2007	27,5	28,43	26,42	27,26	95383662
73	20.08.2007	27,19	27,44	26,81	27	64712034
74	27.08.2007	26,99	27,08	26,54	26,87	53144478
75	03.09.2007	26,84	27,52	26,06	27,3	57531522
76	10.09.2007	27,03	28,28	27,15	28,21	74221800
77	17.09.2007	28	28,43	27,52	28,28	76465896
78	24.09.2007	28,26	28,89	28,26	28,75	62540812
79	01.10.2007	28,81	29,17	28,69	29,03	59001390
80	08.10.2007	28,98	29,01	28,46	28,91	48083642
81	15.10.2007	29,05	29,88	28,58	29,36	89921284
82	22.10.2007	29,27	31,11	29,2	30,77	78320930
83	29.10.2007	30,75	31,08	30,01	30,26	77675602
84	05.11.2007	30,25	30,88	29,95	30,39	79754594
85	12.11.2007	30,32	31,36	29,83	31,34	82015224
86	19.11.2007	31,25	31,73	30,96	31,14	58758564
87	26.11.2007	31,18	33,84	30,08	31,05	88320200
88	03.12.2007	31,05	31,88	30,76	31,6	68516204
89	10.12.2007	31,58	32,16	31,44	31,91	69141688
90	17.12.2007	32	32,08	30,94	31,56	85639066
91	24.12.2007	31,07	31,73	31	31,12	24976934
92	31.12.2007	31,03	31,36	30,37	30,91	53742124
93	07.01.2008	31,05	32,8	30,95	31,89	127607470
94	14.01.2008	31,88	32,26	30,08	30,4	132012322
95	21.01.2008	29,37	30,17	28,25	29,2	117951922
96	28.01.2008	29,19	29,99	28,62	29,63	96475124
97	04.02.2008	29,71	29,89	28,66	29,62	91432128
98	11.02.2008	29,68	30,25	29,01	29,37	101386968
99	18.02.2008	29,05	29,53	28,7	29,15	57229586
100	25.02.2008	29,01	30,21	29,09	29,23	75569942
101	03.03.2008	29,18	30	29,18	29,43	71315506
102	10.03.2008	29,43	29,84	28,57	28,79	99848122
103	17.03.2008	28,45	30,57	28,38	30,52	81130918
104	24.03.2008	30,63	30,95	30,27	30,48	65002570
105	31.03.2008	30,04	30,75	30,01	30,14	83877214
106	07.04.2008	30,14	30,75	29,94	30,15	69675912
107	14.04.2008	30,2	30,92	29,83	30,08	92948804
108	21.04.2008	29,96	30,05	29,48	29,69	73772612
109	28.04.2008	29,67	29,95	29,19	29,38	78372174
110	05.05.2008	29,39	29,49	27,92	28,07	97254032
111	12.05.2008	28,06	28,07	28	28,54	87161004
112	19.05.2008	28,55	29,52	28,02	29,34	105097842
113	26.05.2008	29,27	29,42	28,51	28,61	76201128
114	02.06.2008	28,53	28,69	27,87	27,87	82375660
115	09.06.2008	27,75	29,03	26,96	27,07	135047318
116	16.06.2008	27,71	27,76	26,47	26,84	129904674
117	23.06.2008	26,83	27,31	25,92	25,96	117416004
118	30.06.2008	25,93	26,45	25,44	25,53	102114140
119	07.07.2008	25,84	25,89	24,76	25,14	121859386
120	14.07.2008	25,27	26,03	24,83	25	186999182
121	21.07.2008	25,05	26,45	24,72	26,02	119138330
122	28.07.2008	26	26,61	25,05	26,58	95823902
123	04.08.2008	26,56	27,77	26,45	27,66	99687004
124	11.08.2008	27,61	27,92	27,06	27,05	75573240
125	18.08.2008	27,54	27,68	26,61	27,17	61189990
126	25.08.2008	27,07	27,3	26,02	26,05	59101548
127	01.09.2008	26,14	26,48	25,06	25,96	82850294
128	08.09.2008	26,36	27,29	26,15	27,28	111333250
129	15.09.2008	26,88	27,89	25,06	26,35	166834446
130	22.09.2008	26,26	26,33	24,94	26,28	110366040
131	29.09.2008	26,04	27,05	25,21	26,26	146930052
132	06.10.2008	25,67	26,15	20,15	21,47	226197140
133	13.10.2008	21,72	23,77	21,07	22,09	234107652
134	20.10.2008	22,55	23,57	20,05	20,78	162574496
135	27.10.2008	20,58	23	20,05	22,01	138950098
136	03.11.2008	22,26	23,5	21,93	23,15	116133336
137	10.11.2008	23,44	23,65	21,41	22,5	143212980
138	17.11.2008	22,31	22,47	20,25	21,95	178523120
139	24.11.2008	22,25	23,46	21,85	23,35	90384280
140	01.12.2008	23,1	23,29	21,47	22,95	137986672
141	08.12.2008	23,25	23,53	21,05	22,26	110245000
142	15.12.2008	22,44	23,4	21,92	22,18	137279938
143	22.12.2008	22,37	22,57	21,93	22,27	51581874
144	29.12.2008	22,43	23	21,86	22,89	54313822
145	05.01.2009	22,79	22,99	22,11	22,29	95230652
146	12.01.2009	22,23	22,34	21,14	21,89	115389774
147	19.01.2009	21,89	22,25	20,78	21,11	93449106
148	26.01.2009	21,15	22,25	21,06	21,38	93098736
149	02.02.2009	21,11	21,85	20,77	21,77	84271982
150	09.02.2009	21,66	22,23	20,14	21,91	155061132
151	16.02.2009	21,05	21,86	21,13	21,43	89637086
152	23.02.2009	21,37	21,64	20,23	20,43	121000520
153	02.03.2009	20,14	20,36	18,72	19,57	157836090
154	09.03.2009	19,74	20,73	19,33	20,62	132692148
155	16.03.2009	20,57	21,57	20,41	21,03	120241328
156	23.03.2009	21,58	22,06	21,05	22,54	114232668
157	30.03.2009	22,25	22,91	21,72	22,49	99238590
158	06.04.2009	22,35	22,87	22,23	22,49	55461860
159	13.04.2009	22,48	22,76	21,91	22,54	79728378
160	20.04.2009	22,43	22,05	21,29	21,39	133580318
161	27.04.2009	21,27	22,04	21	21,21	110977594
162	04.05.2009	21,03	21,88	21,12	21,46	111314628
163	11.05.2009	21,37	22,59	21,27	22,49	132003750
164	18.05.2009	22,57	23,86	22,34	23,67	138712108
165	25.05.2009	23,05	24,57	23,18	24,56	98702664
166	01.06.2009	24,63	24,97	24,36	24,74	130963748
167	08.06.2009	24,62	24,82	24,03	24,45	89877872
168	15.06.2009	24,31	24,95	23,91	24,42	95283724
169	22.06.2009	24,26	24,41	23,59	24,06	87974620
170	29.06.2009	24,07	24,8	23,91	24,43	88041200
171	06.07.2009	24,34	24,59	24,01	24,13	81358074
172	13.07.2009	24,19	25,44	24,05	25,19	82536518
173	20.07.2009	25,31	25,05	24,42	24,7	109925692
174	27.07.2009	24,68	25,25	24,05	24,09	78294004
175	03.08.2009	25,02	25,08	24,05	24,67	70966900
176	10.08.2009	24,63	24,74	23,71	24,24	81613722
177	17.08.2009	24,22	24,99	24,06	24,95	71150910
178	24.08.2009	24,09	24,09	24,35	24,53	77358314
179	31.08.2009	24,42	25,15	24,19	24,99	101156888
180	07.09.2009	24,94	25,87	24,86	25,77	95820626
181	14.09.2009	25,54	27,06	25,46	26,94	158821852
182	21.09.2009	26,74	26,88	26,09	26,48	99428082
183	28.09.2009	26,52	27,04	26,03	26,94	102444048
184	05.10.2009	26,91	27,64	26,65	27,32	74850578
185	12.10.2009	27,42	27,63	27,18	27,05	72356528
186	19.10.2009	27,57	27,75	26,56	26,61	91641234
187	26.10.2009	26,54	27,15	26,36	26,63	79542522
188	02.11.2009	26,76	27,25	26,39	27,25	69466472
189	09.11.2009	27,3	28,35	27,09	28,24	74125996
190	16.11.2009	28,33	28,85	28,02	28,75	75936770
191	23.11.2009	28,86	29,22	28,02	28,59	59985628
192	30.11.2009	28,65	29,13	28,04	28,75	84656976
193	07.12.2009	28,49	29,07	28,35	29,56	105026224
194	14.12.2009	29,56	29,73	28,16	28,43	93621990
195	21.12.2009	28,51	28,81	28,45	28,72	37756094
196	28.12.2009	28,71	28,99	28,49	28,49	33065232
197	04.01.2010	28,58	28,61	27,38	27,57	91778866
198	11.01.2010	27,58	28,72	27,04	28,16	95481658
199	18.01.2010	28,11	28,25	26,99	27,11	77017322
200	25.01.2010	27,25	27,47	26,85	27,12	85549644
201	01.02.2010	27,26	27,61	26,27	26,55	90120680
202	08.02.2010	26,64	27,49	26,29	27,04	100002562
203	15.02.2010	27,26	27,96	26,97	27,86	68305434
204	22.02.2010	27,09	27,93	26,12	26,39	153920490
205	01.03.2010	26,61	27,52	26,4	27,35	134612044
206	08.03.2010	27,36	27,44	26,05	26,67	103799066
207	15.03.2010	26,87	27,53	26,69	27,36	124159756
208	22.03.2010	27,25	27,68	27,02	27,33	79497994
209	29.03.2010	27,04	27,72	27,25	27,65	58093570
210	05.04.2010	27,78	27,78	26,72	27,3	93465726
211	12.04.2010	27,33	27,57	27,07	27,49	92546934
212	19.04.2010	27,49	27,66	26,87	26,94	110880870
213	26.04.2010	27	27,18	26,28	26,71	97994140
214	03.05.2010	26,86	27,01	25,61	26,31	141643626
215	10.05.2010	26,95	27,05	26,43	26,69	116471732
216	17.05.2010	26,74	26,86	25,15	25,08	114767960
217	24.05.2010	25,61	25,97	24,97	25,69	111284924
218	31.05.2010	25,56	26,05	25,37	25,64	80770514
219	07.06.2010	25,62	26,25	25,26	25,84	84715336
220	14.06.2010	25,97	26,37	25,73	26,16	83039510
221	21.06.2010	26,41	26,54	25,35	25,41	98405038
222	28.06.2010	25,37	25,69	24,74	25,02	100946476
223	05.07.2010	25,3	26,25	25,01	26,2	68083496
224	12.07.2010	26,08	26,54	25,98	26,19	65241144
225	19.07.2010	26,27	27,42	25,96	27,38	95894950
226	26.07.2010	27,42	27,65	27,22	27,55	71426640
227	02.08.2010	27,91	28,4	27,83	28,39	84813078
228	09.08.2010	28,19	28,07	27,68	27,87	83211844
229	16.08.2010	27,76	28,21	27,46	27,65	74220434
230	23.08.2010	27,76	28,01	27,49	28,1	80073462
231	30.08.2010	28,01	28,08	27,05	28,08	72623912
232	06.09.2010	28,76	29,32	28,07	29,27	58394400
233	13.09.2010	29,24	29,25	28,61	28,78	79805346
234	20.09.2010	28,81	29,04	28,78	29,32	61641312
235	27.09.2010	29,38	29,62	29,13	29,54	70811940
236	04.10.2010	29,47	29,91	29,28	29,69	70551286
237	11.10.2010	29,78	29,99	29,67	29,97	79136434
238	18.10.2010	29,91	30,88	29,09	30,08	110937076
239	25.10.2010	30,65	30,88	30,15	30,68	78518592
240	01.11.2010	30,69	31,33	30,61	31,29	83172128
241	08.11.2010	31,25	31,48	31,15	31,46	75546152
242	15.11.2010	31,44	32,17	30,91	32,16	102019740
243	22.11.2010	32,01	32,32	31,64	32,05	52946340
244	29.11.2010	31,78	32,48	31,44	32,25	95696310
245	06.12.2010	32,19	32,46	32	32,32	87020022
246	13.12.2010	32,2	32,88	31,85	32,86	113324668
247	20.12.2010	32,73	32,94	32,52	32,77	56080830
248	27.12.2010	32,78	32,9	32,53	32,9	42866034
249	03.01.2011	32,94	32,94	31,28	31,46	112347410
250	10.01.2011	31,35	31,93	31,28	31,57	64978130
251	17.01.2011	31,61	31,96	31,36	31,39	62784880
252	24.01.2011	31,42	31,66	31,07	31,12	76806042
253	31.01.2011	31,16	31,74	30,95	31,28	61366176
254	07.02.2011	31,34	32,38	31,16	31,78	81418424
255	14.02.2011	31,84	32,36	31,28	32,26	69787974
256	21.02.2011	31,68	32,2	31,67	32,18	58127058
257	28.02.2011	32,08	32,94	31,93	32,59	94251312
258	07.03.2011	32,66	32,92	32,24	32,39	71973418
259	14.03.2011	32,17	32,31	30,65	31,34	104224192
260	21.03.2011	31,57	32,7	31,53	32,6	53613864
261	28.03.2011	32,6	33,74	32,53	33,61	67680168
262	04.04.2011	33,64	33,91	33,43	33,64	56433960
263	11.04.2011	33,63	34,24	33,21	34	73894832
264	18.04.2011	33,79	34,09	33,32	33,93	46757464
265	25.04.2011	33,98	33,99	32,91	33,73	80849270
266	02.05.2011	33,88	33,97	33,2	33,47	61678718
267	09.05.2011	33,39	34,39	33,39	34,09	57659650
268	16.05.2011	34,05	34,35	33,75	34,15	59549088
269	23.05.2011	33,8	33,95	33,15	33,26	52155396
270	30.05.2011	33,47	33,62	32,61	32,76	52363710
271	06.06.2011	32,76	33,16	32,54	32,68	53979642
272	13.06.2011	32,55	33,12	32,32	32,81	75284170
273	20.06.2011	32,69	33,41	32,22	32,47	78359570
274	27.06.2011	32,43	34,05	32,43	34,04	68734710
275	04.07.2011	34,04	34,45	34,04	34,33	45519898
276	11.07.2011	33,88	34,22	33,64	33,77	66920994
277	18.07.2011	33,63	34,91	33,3	34,86	95730816
278	25.07.2011	34,56	34,78	33,95	33,99	70167510
279	01.08.2011	34,25	34,28	32,52	33,39	131523796
280	08.08.2011	33,1	33,88	31,8	33,57	171410064
281	15.08.2011	33,74	34,68	33,43	33,55	124131894
282	22.08.2011	34,01	34,86	33,35	34,25	100010326
283	29.08.2011	34,48	35,55	34,44	34,87	102762902
284	05.09.2011	33,72	35,89	33,7	34,68	93612936
285	12.09.2011	34,23	35,84	34,1	35,62	112897844
286	19.09.2011	35,04	35,74	33,31	33,69	116304072
287	26.09.2011	34,04	35,21	33,79	33,8	100780098
288	03.10.2011	33,3	33,46	31,67	32,96	124449628
289	10.10.2011	33,28	34,1	33,01	33,92	60417622
290	17.10.2011	33,91	34,16	33,2	34,1	86144536
291	24.10.2011	34,2	34,55	33,21	34,46	77242988
292	31.10.2011	34,33	34,53	33,39	33,89	79256620
293	07.11.2011	33,83	34,36	33,43	34,07	64906354
294	14.11.2011	33,89	34,23	33,05	33,7	65376402
295	21.11.2011	33,35	33,44	32,37	32,37	47714760
296	28.11.2011	32,64	33,98	32,38	33,18	91698658
297	05.12.2011	33,51	33,88	32,94	33,77	74801612
298	12.12.2011	33,61	33,86	33,03	33,73	69884230
299	19.12.2011	33,73	34,99	33,61	34,98	61104742
300	26.12.2011	34,91	35,15	34,7	34,99	29531086
301	02.01.2012	35,08	35,36	34,31	34,47	51597720
302	09.01.2012	34,5	34,76	33,28	33,48	71791688
303	16.01.2012	33,87	34,06	33,59	34,05	53118218
304	23.01.2012	34	34,31	33,62	33,75	62518520
305	30.01.2012	33,65	34,25	33,52	34,02	59363778
306	06.02.2012	33,92	34,73	33,71	33,94	72100578
307	13.02.2012	34,21	34,63	34,04	34,53	58287750
308	20.02.2012	34,44	34,75	34,25	34,5	43985314
309	27.02.2012	34,35	34,99	34,26	34,57	60628116
310	05.03.2012	34,51	34,87	34,25	34,77	51406872
311	12.03.2012	34,75	35,31	34,67	35,1	78065574
312	19.03.2012	35,11	35,8	34,97	35,77	63559440
313	26.03.2012	35,87	37,2	35,8	37	98462162
314	02.04.2012	36,92	37,1	36,54	36,74	45973660
315	09.04.2012	36,48	36,56	35,91	35,99	51563536
316	16.04.2012	36,11	37,24	36,07	37,07	64960004
317	23.04.2012	36,99	38,58	36,67	38,32	72206964
318	30.04.2012	38,21	38,82	37,97	38,49	76964434
319	07.05.2012	38,49	38,87	38,25	38,73	52040498
320	14.05.2012	38,56	38,63	36,74	37,03	93789154
321	21.05.2012	37,11	37,93	36,91	37,6	69367618
322	28.05.2012	37,87	37,87	36,51	36,55	50749186
323	04.06.2012	36,52	37,69	36,28	37,63	54683968
324	11.06.2012	37,86	38,1	37,17	38,05	57214310
325	18.06.2012	37,98	38,21	37,31	37,48	53566142
326	25.06.2012	37,23	39,1	37,09	39,1	55049798
327	02.07.2012	39,09	39,68	38,92	39,08	37298720
328	09.07.2012	39,03	39,3	38,17	38,64	55603140
329	16.07.2012	38,55	39,33	38,1	38,53	79823488
330	23.07.2012	38,28	40,12	38,05	40,01	55959980
331	30.07.2012	39,89	40,67	39,76	40,42	62614152
332	06.08.2012	40,51	40,63	39,31	39,41	49003718
333	13.08.2012	39,31	39,73	39,05	39,51	41161223
334	20.08.2012	39,54	39,69	38,02	38,47	46737980
335	27.08.2012	38,56	38,56	37,13	37,42	72897927
336	03.09.2012	37,52	38,5	37,11	37,89	63858680
337	10.09.2012	37,96	38,55	37,51	38,15	79373762
338	17.09.2012	38,2	39	37,88	38,08	116125396
339	24.09.2012	37,84	38,35	37,66	37,95	73686473
340	01.10.2012	38,16	38,69	38,11	38,57	55639205
341	08.10.2012	38,54	38,83	38,02	38,22	50943951
342	15.10.2012	38,1	38,25	37,4	37,43	88913206
343	22.10.2012	37,37	37,48	36,54	37,05	53468554
344	29.10.2012	37,16	37,65	36,92	37,07	28642232
345	05.11.2012	36,9	37,48	36,05	36,28	56742155
346	12.11.2012	36,29	36,65	35,86	36,55	62050574
347	19.11.2012	36,85	37,95	36,81	37,86	35333442
348	26.11.2012	37,58	37,98	36,8	37,9	56254152
349	03.12.2012	37,89	37,94	37,08	37,72	51554808
350	10.12.2012	37,7	37,99	37,5	37,68	51025068
351	17.12.2012	37,79	37,82	36,53	36,9	79214565
352	24.12.2012	36,72	36,8	35,95	35,98	36661188
353	31.12.2012	35,88	37,87	35,58	37,66	62137496
354	07.01.2013	37,52	37,52	36,52	36,91	63587625
355	14.01.2013	36,95	37,71	36,8	37,7	51601460
356	21.01.2013	37,74	37,74	36,91	37,04	52482924
357	28.01.2013	37,07	37,71	36,86	37,52	59029595
358	04.02.2013	37,48	39,06	37,3	38,77	67538537
359	11.02.2013	38,71	38,83	36,54	37,42	99530425
360	18.02.2013	37,52	38,52	37,41	38,52	54012747
361	25.02.2013	38,56	38,97	37,72	38,73	68188597
362	04.03.2013	38,6	39,42	38,45	39,21	54314149
363	11.03.2013	39,2	39,38	38,55	38,81	56567204
364	18.03.2013	38,58	40,43	38,57	40,05	77402813
365	25.03.2013	40,11	40,7	39,96	40,42	49507109
366	01.04.2013	40,37	40,9	40,01	40,07	51657672
367	08.04.2013	40,06	41,41	39,77	41,07	62790372
368	15.04.2013	40,85	42,77	40,05	42,65	93299348
369	22.04.2013	42,41	42,96	42,08	42,11	50921121
370	29.04.2013	42,24	42,56	41,49	42,25	56601633
371	06.05.2013	42,29	42,71	41,85	42,14	49436256
372	13.05.2013	42,14	43,43	42	42,97	51296618
373	20.05.2013	42,95	42,95	41,5	42,25	49410603
374	27.05.2013	42,6	43,05	40	40	67639606
375	03.06.2013	39,95	41,73	39,63	41,39	70085211
376	10.06.2013	41,51	41,52	39,68	40,33	64785732
377	17.06.2013	40,54	41,44	38,97	39,77	78818850
378	24.06.2013	39,45	40,88	39,13	40,12	57687556
379	01.07.2013	40,5	40,92	40,03	40,5	34200324
380	08.07.2013	40,65	41,15	40,42	41	47226034
381	15.07.2013	41,06	41,25	39,5	41,09	74852557
382	22.07.2013	41,07	41,14	40,01	40,63	45336954
383	29.07.2013	40,61	40,75	39,92	40,23	64054018
384	05.08.2013	40,18	40,47	40,02	40,15	41875960
385	12.08.2013	40,02	40,1	38,71	39,02	69966960
386	19.08.2013	39,05	39,14	38,1	38,51	53474548
387	26.08.2013	38,59	38,6	37,8	38,15	69579320
388	02.09.2013	38,27	38,73	37,8	38,36	60538760
389	09.09.2013	38,51	38,78	38,27	38,69	51313630
390	16.09.2013	39,02	39,67	38,58	39,01	71670476
391	23.09.2013	39,13	39,19	38,15	38,38	61694587
392	30.09.2013	38,19	38,3	36,91	37,19	79677836
393	07.10.2013	37,08	37,92	36,83	37,76	80949501
394	14.10.2013	37,56	38,78	37,51	38,76	79896230
395	21.10.2013	38,95	39,37	38,6	39,03	66376368
396	28.10.2013	38,98	39,96	38,98	39,61	62856625
397	04.11.2013	39,71	40,25	39,22	40,04	58480078
398	11.11.2013	40,01	40,44	39,62	40,22	50171546
399	18.11.2013	40,24	40,5	39,92	40,42	52326335
400	25.11.2013	40,48	40,88	39,69	40,23	41004492
401	02.12.2013	40,1	40,5	39,75	40,46	63490891
402	09.12.2013	40,4	40,5	39,18	39,22	65944857
403	16.12.2013	39,46	40,19	38,87	40,03	75080791
404	23.12.2013	40,1	40,79	39,87	40,67	27490233
405	30.12.2013	40,82	41,39	40,35	40,46	37917805
406	06.01.2014	40,48	40,72	39,52	40,14	57359690
407	13.01.2014	40,01	40,13	39,29	39,3	56748488
408	20.01.2014	39,64	40,09	38,82	38,86	49705473
409	27.01.2014	38,82	39,08	37,72	37,81	66347695
410	03.02.2014	38,02	38,94	37,1	37,93	85225435
411	10.02.2014	38,07	39,02	37,84	38,93	64713373
412	17.02.2014	37,96	38,11	36,89	37,19	106062832
413	24.02.2014	37,3	38,39	37,22	38,21	85641239
414	03.03.2014	37,88	38,61	37,85	38,55	73922690
415	10.03.2014	38,53	38,86	37,88	38,17	67518050
416	17.03.2014	38,15	38,83	37,95	38,43	75734060
417	24.03.2014	38,48	39,03	38,21	38,94	58311266
418	31.03.2014	38,99	39,03	38,04	38,23	83465801
419	07.04.2014	38,27	39,4	38,26	38,64	72933846
420	14.04.2014	38,71	40,72	38,4	40,72	97486280
421	21.04.2014	40,47	41,01	40,35	41	60503582
422	28.04.2014	40,82	41,28	40,26	40,95	73230709
423	05.05.2014	40,65	40,97	40,45	40,87	42157048
424	12.05.2014	40,88	41,22	40,44	40,88	50812134
425	19.05.2014	40,6	40,93	40,42	40,59	34589708
426	26.05.2014	40,56	40,93	40,48	40,9	31684558
427	02.06.2014	40,75	41,06	40,63	40,97	36600025
428	09.06.2014	40,85	41,15	40,25	40,37	39001863
429	16.06.2014	40,19	41,88	40,15	41,7	78562596
430	23.06.2014	41,46	42,29	41,33	42,19	68730582
431	30.06.2014	41,98	42,49	41,82	42,22	33413095
432	07.07.2014	41,93	42,29	41,55	41,98	45947657
433	14.07.2014	41,99	42,47	41,83	42,43	52145693
434	21.07.2014	42,12	42,57	40,61	41	77500027
435	28.07.2014	40,99	41	39,06	39,3	63157332
436	04.08.2014	39,41	40,01	39,1	39,46	57417008
437	11.08.2014	39,52	41,15	39,52	40,89	59170368
438	18.08.2014	40,81	41,69	40,79	41,12	47410029
439	25.08.2014	41,32	41,75	41,12	41,72	35821334
440	01.09.2014	41,52	42,17	41,31	41,83	38364384
441	08.09.2014	41,67	42,19	41,36	41,46	61198754
442	15.09.2014	41,45	42,35	41,18	42,04	75706969
443	22.09.2014	41,85	42,34	41,71	42,19	47762884
444	29.09.2014	41,9	43,07	41,88	42,99	84632339
445	06.10.2014	43,03	44,87	42,97	44,47	109518121
446	13.10.2014	44,28	44,63	42,31	42,88	96340964
447	20.10.2014	42,75	43,47	40,1	41,02	122267067
448	27.10.2014	40,7	41,89	40,51	41,86	83783253
449	03.11.2014	41,79	42,62	41,59	42,31	54631714
450	10.11.2014	42,25	43,08	42,09	42,73	45773988
451	17.11.2014	42,75	44,74	42,73	44,5	78967461
452	24.11.2014	44,51	45	43,97	44,8	35563819
453	01.12.2014	44,18	44,77	43,2	43,54	49001070
454	08.12.2014	43,51	43,63	40,87	40,91	78550019
455	15.12.2014	41,16	42,79	39,8	41,95	92601614
456	22.12.2014	42,14	43,3	42,09	42,96	30161965
457	29.12.2014	42,8	43,06	41,8	42,14	28451060
458	05.01.2015	42,69	43,57	42,08	43,02	75341294
459	12.01.2015	43,07	43,24	42,07	42,52	54270421
460	19.01.2015	42,7	43,83	42,61	43,31	44755137
461	26.01.2015	43,18	43,23	41,11	41,18	58843948
462	02.02.2015	41,21	42,09	40,9	41,47	58951261
463	09.02.2015	41,36	43,03	41,04	41,99	79533531
464	16.02.2015	41,81	42,24	41,47	41,97	46331180
465	23.02.2015	41,71	43,66	41,69	43,3	64352162
466	02.03.2015	43,12	43,28	41,33	41,51	52931154
467	09.03.2015	41,53	41,55	39,61	39,91	64873827
468	16.03.2015	40	40,79	39,8	40,61	83655359
469	23.03.2015	40,65	40,99	39,97	40,07	72386086
470	30.03.2015	40,11	40,9	39,94	40,69	47949799
471	06.04.2015	40,77	41,61	40,59	40,89	46046692
472	13.04.2015	40,97	40,97	40,1	40,31	51350005
473	20.04.2015	40,42	41,57	40,41	40,89	74620477
474	27.04.2015	41	41,15	40,28	40,91	48507238
475	04.05.2015	40,88	41,17	40,39	40,97	49484852
476	11.05.2015	40,98	41,69	40,52	41,52	43796364
477	18.05.2015	41,49	41,59	41,04	41,21	44681644
478	25.05.2015	41,12	41,3	40,74	40,92	39561624
479	01.06.2015	41,36	41,41	40,08	40,1	49444967
480	08.06.2015	40,1	40,54	39,84	39,97	47115730
481	15.06.2015	39,83	40,74	39,57	40,41	57127806
482	22.06.2015	40,51	40,81	40,02	40,02	40359975
483	29.06.2015	39,8	39,98	39,12	39,48	41254969
484	06.07.2015	39,32	40,58	39,22	40,37	59225322
485	13.07.2015	40,56	41,6	40,49	41,24	50952256
486	20.07.2015	41,35	41,59	40,41	40,46	54616092
487	27.07.2015	40,28	41,22	40,16	41,09	46129329
488	03.08.2015	40,85	42,25	40,84	41,78	61232812
489	10.08.2015	41,89	41,99	40,85	41,25	41698555
490	17.08.2015	41,03	41,53	39,51	39,54	59895703
491	24.08.2015	38,01	39,47	36,56	39,45	113103974
492	31.08.2015	39,15	39,45	38,38	38,51	67056293
493	07.09.2015	38,87	39,21	37,84	38,13	44418415
494	14.09.2015	38,22	39,61	37,85	38,99	80320764
495	21.09.2015	39,05	40,08	38,51	39,63	68812994
496	28.09.2015	39,52	40,47	39,33	40,37	76971340
497	05.10.2015	40,45	42,12	40,43	42,04	61065757
498	12.10.2015	41,83	42,29	41,54	42	59018531
499	19.10.2015	41,9	43,85	41,71	42,8	94805073
500	26.10.2015	42,76	42,9	42,21	42,35	58869606
501	02.11.2015	42,32	42,39	41,61	41,95	50078181
502	09.11.2015	41,7	42,2	41,34	41,39	41783212
503	16.11.2015	41,43	43,58	41,39	42,44	69550460
504	23.11.2015	42,55	43,6	42,53	43,14	38696401
505	30.11.2015	43,12	43,48	42,32	43,29	59011994
506	07.12.2015	43,31	43,44	42,14	42,28	57630671
507	14.12.2015	42,31	43,91	41,97	42,5	82519190
508	21.12.2015	42,82	43,73	42,46	43,54	27947573
509	28.12.2015	43,44	43,78	42,87	42,95	23107631
510	04.01.2016	42,34	42,63	41,41	41,51	67441157
511	11.01.2016	41,58	42,57	40,93	41,49	78483493
512	18.01.2016	41,77	42,24	40,75	42,05	56373514
513	25.01.2016	42,24	43,26	41,81	42,92	63209826
514	01.02.2016	42,6	43,15	42,26	42,44	67095974
515	08.02.2016	42,17	43,49	41,9	43,11	79946828
516	15.02.2016	43,32	43,76	43,02	43,76	40306237
517	22.02.2016	43,76	44,18	43,11	43,14	62222489
518	29.02.2016	43,17	44,15	42,92	44,11	54130964
519	07.03.2016	43,91	45,26	43,81	45,19	79521183
520	14.03.2016	45,04	45,91	44,55	45,58	69988866
521	21.03.2016	45,42	45,87	45,19	45,59	31424091
522	28.03.2016	45,56	46,88	45,51	46,84	70813068
523	04.04.2016	46,84	46,98	46,16	46,86	42906385
524	11.04.2016	46,9	47,13	45,68	46,09	54301408
525	18.04.2016	46,13	46,62	42,87	44,58	112314625
526	25.04.2016	44,5	44,96	44,25	44,8	47866779
527	02.05.2016	44,57	45,49	44,51	45,31	41879351
528	09.05.2016	45,32	45,9	45,17	45,35	38044318
529	16.05.2016	45,16	45,73	43,94	43,95	51860368
530	23.05.2016	44,07	44,96	43,94	44,77	42728655
531	30.05.2016	44,98	45,05	44,26	45,04	35678650
532	06.06.2016	45,08	46,01	45,08	46	40680935
533	13.06.2016	45,49	45,67	44,38	44,8	51531755
534	20.06.2016	45,09	45,33	43,82	43,94	46481115
535	27.06.2016	43,67	45,41	43,32	45,1	59841636
536	04.07.2016	45,16	45,67	44,92	45,38	36036514
537	11.07.2016	45,35	45,94	45,11	45,62	39217644
538	18.07.2016	45,69	45,84	45,26	45,82	34106230
539	25.07.2016	45,81	45,83	43,1	43,62	76540278
540	01.08.2016	43,69	43,83	43,31	43,48	51613097
541	08.08.2016	43,43	44,19	43,22	44,01	37915737
542	15.08.2016	44,1	44,33	43,74	43,91	41284801
543	22.08.2016	43,94	43,98	43,31	43,33	42622087
544	29.08.2016	43,34	43,83	43,08	43,66	37868658
545	05.09.2016	43,74	43,8	42,27	42,27	41687384
546	12.09.2016	42,36	43,23	41,88	42,14	52609000
547	19.09.2016	42,16	43,01	42,08	42,75	40287929
548	26.09.2016	42,71	42,76	41,85	42,32	55811749
549	03.10.2016	42,31	42,34	41,57	41,72	43182325
550	10.10.2016	41,92	41,99	41,4	41,68	48973709
551	17.10.2016	41,73	42,17	41,57	42,13	54238170
552	24.10.2016	42,32	43,03	41,9	42,24	62007942
553	31.10.2016	42,12	42,43	41,69	41,7	51486806
554	07.11.2016	42,04	42,98	40,63	41,02	81086525
555	14.11.2016	41,13	41,65	40,85	40,92	65044838
556	21.11.2016	40,74	41,7	40,73	41,44	34951237
557	28.11.2016	41,51	41,79	39,88	40,36	68113499
558	05.12.2016	40,34	42,22	40,31	41,99	67448940
559	12.12.2016	42	42,01	41,06	41,73	67485744
560	19.12.2016	41,68	41,83	41,08	41,6	38155868
561	26.12.2016	41,56	41,84	41,35	41,47	26542325
562	02.01.2017	41,5	41,97	41,28	41,76	37071337
563	09.01.2017	41,23	41,58	40,69	40,88	46216940
564	16.01.2017	40,84	41,44	40,8	41,31	37600348
565	23.01.2017	41,31	42,25	41,21	41,44	53436349
566	30.01.2017	41,3	41,79	41,21	41,53	44875182
567	06.02.2017	41,53	42,15	40,55	40,57	85505903
568	13.02.2017	40,73	41,36	40,22	41,21	107533640
569	20.02.2017	41,2	42	41,2	41,76	44092864
570	27.02.2017	41,75	42,56	41,59	42,46	56721508
571	06.03.2017	42,34	42,43	41,74	42,29	52521398
572	13.03.2017	41,92	42,39	41,83	42,03	68966586
573	20.03.2017	42,1	42,7	41,91	42,12	53686233
574	27.03.2017	42,11	42,65	42,05	42,43	46438029
575	03.04.2017	42,58	42,86	42,27	42,63	47519171
576	10.04.2017	42,73	43,08	42,51	42,8	33016654
577	17.04.2017	42,79	43,79	42,78	43,06	51594882
578	24.04.2017	43,24	43,43	42,82	43,14	56379258
579	01.05.2017	43,15	43,84	43,1	43,68	45232915
580	08.05.2017	43,59	43,91	43,36	43,58	34059703
581	15.05.2017	43,46	44,17	43,46	43,89	46460460
582	22.05.2017	43,89	45,56	43,81	45,37	50422076
583	29.05.2017	45,16	45,89	45,11	45,87	36252958
584	05.06.2017	45,78	46,06	44,97	45,3	43700453
585	12.06.2017	45,35	45,48	44,8	45,31	45767624
586	19.06.2017	45,35	45,87	45,03	45,23	37554305
587	26.06.2017	45,31	45,51	44,65	44,86	36017277
588	03.07.2017	45,11	45,27	44,24	44,38	27928614
589	10.07.2017	44,45	44,77	44,15	44,66	32015007
590	17.07.2017	44,66	45,07	44,55	45,03	29274533
591	24.07.2017	45,04	46,43	44,31	46,01	50762106
592	31.07.2017	46	46,08	45,38	45,51	42872876
593	07.08.2017	45,58	45,9	45,33	45,6	31996310
594	14.08.2017	45,64	46,34	45,62	45,67	36741432
595	21.08.2017	45,67	45,8	45,31	45,58	32161576
596	28.08.2017	45,63	45,8	45,25	45,77	31672828
597	04.09.2017	45,75	46,37	45,65	46,32	30417944
598	11.09.2017	46,35	46,98	45,94	46,16	45329412
599	18.09.2017	46,15	46,24	45,36	45,47	30683052
600	25.09.2017	45,5	45,87	44,38	44,99	36770899
601	02.10.2017	45,05	45,75	44,75	45,47	39680640
602	09.10.2017	45,55	46,38	45,34	46,2	26343180
603	16.10.2017	46,12	46,79	46,1	46,37	30925102
604	23.10.2017	46,38	46,76	45,91	46,06	39029459
605	30.10.2017	46	46,17	45,63	45,97	23407502
606	06.11.2017	45,91	46,64	45,31	46,54	29085519
607	13.11.2017	46,6	47,48	45,25	45,7	57745456
608	20.11.2017	45,67	46,05	45,42	45,88	34055310
609	27.11.2017	45,88	46,15	45,03	45,97	43608516
610	04.12.2017	45,99	46,48	45,05	45,31	41382706
611	11.12.2017	45,18	46,42	44,92	46,17	45723454
612	18.12.2017	46,2	46,38	45,55	45,6	29581581
613	25.12.2017	45,7	46,18	45,61	45,95	15700029
614	01.01.2018	45,91	46,22	45,34	46,04	33128907
615	08.01.2018	45,95	46,39	45,86	46,14	37227412
616	15.01.2018	46,15	47,25	46,14	47,17	40915959
617	22.01.2018	47,14	48,62	47,09	48,52	49998864
618	29.01.2018	48,21	48,46	46,63	46,69	43079551
619	05.02.2018	46,65	46,92	42,19	43,14	90716127
620	12.02.2018	43,56	45,64	43,37	44,97	59443992
621	19.02.2018	44,8	44,83	43,22	44,05	37864499
622	26.02.2018	44,23	44,39	42,82	43,71	52353912
623	05.03.2018	43,57	44,82	43,47	44,81	35835594
624	12.03.2018	44,95	45,09	43,45	43,46	46205087
625	19.03.2018	43,46	43,71	42,29	42,32	47390931
626	26.03.2018	42,61	43,92	42,25	43,45	38438249
627	02.04.2018	43,44	44,61	42,47	43,91	51004785
628	09.04.2018	44,03	44,69	43,72	44,51	36248043
629	16.04.2018	44,65	45,03	43,58	43,74	38459331
630	23.04.2018	43,74	44,1	41,91	43,31	60637129
631	30.04.2018	43,5	43,69	41,52	42,36	52088216
632	07.05.2018	42,34	42,49	41,67	42,15	36239013
633	14.05.2018	42,25	42,38	41,45	42,18	45597666
634	21.05.2018	42,31	42,6	41,93	42,4	32444190
635	28.05.2018	42,12	43,32	42,1	43,12	37460178
636	04.06.2018	43,36	44	43,04	43,95	41479462
637	11.06.2018	43,95	44,52	43,45	44,12	43905311
638	18.06.2018	43,88	43,96	42,96	43,26	43805102
639	25.06.2018	43,16	44,1	42,99	43,87	52157692
640	02.07.2018	43,76	44,94	43,58	44,63	30320739
641	09.07.2018	44,54	45	44,34	44,74	29221070
642	16.07.2018	44,73	45,43	44,53	45,28	34284485
643	23.07.2018	45,28	46,59	44,61	46,22	52640605
644	30.07.2018	46,1	46,76	46,07	46,62	43541929
645	06.08.2018	46,6	46,87	45,97	46,08	31326904
646	13.08.2018	46,05	46,73	45,65	46,6	34530229
647	20.08.2018	46,68	46,87	45,58	45,63	39316871
648	27.08.2018	46,05	46,05	44,39	44,56	48926191
649	03.09.2018	44,6	46	44,51	45,73	34008243
650	10.09.2018	45,91	46,31	45,61	46	36253552
651	17.09.2018	46	46,69	45,87	46,58	38629116
652	24.09.2018	46,49	46,53	45,57	46,18	34462595
653	01.10.2018	46,17	46,56	45,43	45,88	34981307
654	08.10.2018	45,99	46,7	44,25	44,66	49723253
655	15.10.2018	44,64	46,49	44,59	46,32	44807068
656	22.10.2018	46,37	47,39	45,43	45,89	71129337
657	29.10.2018	46,15	48,15	46,04	47,99	79079713
658	05.11.2018	48	49,89	47,92	49,68	50256683
659	12.11.2018	49,61	50,25	49,27	50,2	52812769
660	19.11.2018	50,31	50,84	48,55	49,02	37997195
661	26.11.2018	49,01	50,49	48,67	50,43	46041705
662	03.12.2018	49,87	50,51	48,66	49,08	51010765
663	10.12.2018	49,45	50,02	48,47	49,34	50111334
664	17.12.2018	49,34	49,53	47,1	47,55	73952707
665	24.12.2018	47,62	48,01	45,66	47,21	43015076
666	31.12.2018	47,49	47,57	46,53	47,56	35893638
667	07.01.2019	47,56	47,75	46,34	47,33	52966444
668	14.01.2019	47,25	47,69	46,81	47,62	46719748
669	21.01.2019	47,7	48,29	47,21	47,36	34991337
670	28.01.2019	47,22	48,78	46,94	48,68	60801063
671	04.02.2019	48,7	49,5	48,54	49,49	40968814
672	11.02.2019	49,57	49,94	45,2	45,24	103871562
673	18.02.2019	45,32	45,95	44,77	45,29	82368096
674	25.02.2019	45,51	45,64	44,42	45,37	81441920
675	04.03.2019	45,53	45,79	44,61	44,84	52584697
676	11.03.2019	45,14	46,34	45,1	45,3	81550334
677	18.03.2019	45,43	46,11	45,18	45,93	66230292
678	25.03.2019	45,86	46,92	45,79	46,85	45568014
679	01.04.2019	46,99	47,17	46,04	46,47	37187511
680	08.04.2019	46,54	47	46,27	46,74	31775528
681	15.04.2019	46,88	47,58	46,7	47,49	32059352
682	22.04.2019	47,4	48,72	47,02	48,27	56738086
683	29.04.2019	48,17	49,18	48,11	48,72	38541058
684	06.05.2019	48,33	48,61	47,07	48,2	37214234
685	13.05.2019	47,91	49,66	47,73	49,21	47907346
686	20.05.2019	49,04	49,9	48,45	49,64	44510803
687	27.05.2019	49,6	49,67	48,41	49,13	31807801
688	03.06.2019	49,16	52,19	49,02	51,48	55121917
689	10.06.2019	51,54	52,14	50,78	51,32	37938314
690	17.06.2019	51,25	51,89	50,47	51,56	38825261
691	24.06.2019	51,74	52,2	50,52	50,9	37152442
692	01.07.2019	51,07	52,39	50,78	52,11	26441726
693	08.07.2019	52,2	52,33	51,43	52,11	30269995
694	15.07.2019	52,28	52,47	51,37	51,41	28858840
695	22.07.2019	51,52	54,82	51,13	54,17	71124711
696	29.07.2019	54,17	54,3	51,91	52,33	50091866
697	05.08.2019	52,39	53,9	51,4	53,42	53363534
698	12.08.2019	53,28	54,49	52,87	54,41	39613530
699	19.08.2019	54,44	54,78	53,39	53,73	29240537
700	26.08.2019	54	55,34	53,73	55,02	33370083
701	02.09.2019	54,98	55,92	54,76	55,22	28860829
702	09.09.2019	55,03	55,31	53,85	54,27	38430942
703	16.09.2019	54,1	54,7	53,63	53,91	33781341
704	23.09.2019	53,91	54,64	53,88	54,32	28048565
705	30.09.2019	54,15	54,78	52,82	54,53	39874194
706	07.10.2019	54,33	54,36	53,2	53,29	31044090
707	14.10.2019	53,49	55,39	53,13	54,78	41492795
708	21.10.2019	54,45	54,82	53,67	53,73	33879252
709	28.10.2019	53,74	54,74	53,16	53,9	33305803
710	04.11.2019	53,96	54	51,96	52,2	52001152
711	11.11.2019	52,33	52,68	51,58	52,67	36751013
712	18.11.2019	52,68	53,44	52,67	53,03	29618356
713	25.11.2019	53,28	54,1	52,77	53,37	26392714
714	02.12.2019	53,32	54,5	52,85	54,43	39361234
715	09.12.2019	54,3	54,55	53,66	54,43	36328058
716	16.12.2019	54,69	55,2	53,89	54,97	39049306
717	23.12.2019	55	55,45	54,64	55,35	15452345
718	30.12.2019	55,18	55,43	54,09	54,72	22369511
719	06.01.2020	54,65	55,93	54,15	55,55	36557772
720	13.01.2020	55,53	57,15	55,42	56,91	45444305
721	20.01.2020	56,85	57,87	56,57	57,63	28006336
722	27.01.2020	57,21	59,08	56,66	58,42	54746910
723	03.02.2020	58,75	59,45	58,52	59,19	37159455
724	10.02.2020	59,32	60,07	59,21	59,93	28193952
725	17.02.2020	59,81	60,13	59,11	60,13	21772249
726	24.02.2020	59,11	59,8	51,58	53,14	76829421
727	02.03.2020	53,93	59	53,7	55,51	79061120
728	09.03.2020	52,05	53,8	46,61	48,22	107031525
729	16.03.2020	42,24	47,88	37,51	38,3	142793051
730	23.03.2020	38,76	45,27	36,27	42,85	150889314
731	30.03.2020	43,04	45,56	41,8	43,84	72417469
732	06.04.2020	45,39	49,73	44,69	48,99	56885235
733	13.04.2020	48,35	49,25	46,5	48,05	68382108
734	20.04.2020	47,79	48	44,26	45,43	71586702
735	27.04.2020	46	48	45,21	45,61	62791527
736	04.05.2020	45,32	46,22	44,5	46,11	57802894
737	11.05.2020	45,69	46,11	43,2	43,33	64083638
738	18.05.2020	44,82	46,17	44,13	45,04	67115201
739	25.05.2020	46,92	47,46	45,93	46,58	63387335
740	01.06.2020	46,66	49,49	46,56	49,07	56799413
741	08.06.2020	49,54	49,97	45,01	45,59	70795736
742	15.06.2020	44,57	47,79	44,47	46,03	54768121
743	22.06.2020	46,03	46,29	43,51	43,57	64737247
744	29.06.2020	44	45,53	43,55	44,9	51949492
745	06.07.2020	45,14	45,5	43,83	45,15	56066585
746	13.07.2020	45,53	47,19	44,67	46,82	62465851
747	20.07.2020	46,72	48,8	45,85	48,5	81918886
748	27.07.2020	48,18	49,28	46,73	47,24	56950886
749	03.08.2020	47,14	48,08	46,22	47,8	44876308
750	10.08.2020	48,06	48,73	47,66	48,45	40044672
751	17.08.2020	48,32	48,75	46,97	47,28	46972027
752	24.08.2020	47,43	49,85	47,18	49,82	41012420
753	31.08.2020	49,8	52,14	48,83	51,04	73690230
754	07.09.2020	50,93	51,2	49,36	51,05	48862733
755	14.09.2020	50,97	51,45	49,94	50,45	50987910
756	21.09.2020	49,75	50,04	47,56	48,72	55978895
757	28.09.2020	49,31	49,71	48,55	49,38	47505723
758	05.10.2020	49,43	51,23	48,83	50,81	37191837
759	12.10.2020	50,84	51,53	49,3	50,03	43287200
760	19.10.2020	50,03	51,2	49,46	50,53	51886100
761	26.10.2020	50,34	50,51	47,3	48,07	56151261
762	02.11.2020	48,75	50,21	48,24	49,46	42857540
763	09.11.2020	52,5	54,3	52,07	53,45	76254418
764	16.11.2020	54,5	54,62	51,95	52,66	55210901
765	23.11.2020	52,95	53,59	52,2	52,7	33248869
766	30.11.2020	52,09	53,87	51,08	53,86	60075921
767	07.12.2020	53,76	53,78	52,7	53,35	34949185
768	14.12.2020	53,65	54,22	52,62	53,67	55489164
769	21.12.2020	52,68	53,55	51,98	53,44	23399978
770	28.12.2020	53,85	54,93	53,73	54,82	22484495
771	04.01.2021	54,27	54,63	49,52	51,09	128235676
772	11.01.2021	50,62	50,86	48,53	48,7	85734822
773	18.01.2021	48,74	49,09	48,24	48,49	65465092
774	25.01.2021	48,42	49,5	48,11	48,14	63405939
775	01.02.2021	48,27	49,78	48,18	49,64	53725844
776	08.02.2021	49,96	50,85	49,49	50,7	71897184
777	15.02.2021	50,62	50,85	49,89	50,12	41866023
778	22.02.2021	49,85	51,51	48,98	48,99	60731794
779	01.03.2021	49,44	51,09	49,4	50,79	64773171
780	08.03.2021	51,47	52,49	50,2	50,35	80206279
781	15.03.2021	50,5	51,62	50,17	50,72	70741359
782	22.03.2021	50,32	53,11	50,32	53,04	62691772
783	29.03.2021	52,73	53,94	52,46	52,5	45933682
784	05.04.2021	52,35	53,65	52,29	53,17	42489533
785	12.04.2021	53,33	53,8	52,65	53,68	41001358
786	19.04.2021	54	54,87	53,3	54,46	50379709
787	26.04.2021	54,47	54,51	53,32	53,99	42872621
788	03.05.2021	54,27	54,8	53,71	54,5	40645544
789	10.05.2021	54,88	55,5	53,83	54,7	53819895
790	17.05.2021	54,84	55,12	53,61	54,62	47954918
791	24.05.2021	54,63	55,71	54,35	55,29	59724781
792	31.05.2021	55,34	56,48	55,1	56,26	37663973
793	07.06.2021	56,31	56,34	55,48	56,16	35972591
794	14.06.2021	55,69	55,79	53,73	53,73	53033545
795	21.06.2021	54,22	54,85	54	54,3	46008774
796	28.06.2021	54,25	54,48	53,72	54,18	46739853
797	05.07.2021	53,99	54,52	53,55	54,46	32512383
798	12.07.2021	54,32	56,68	54,27	56,4	58802839
799	19.07.2021	56,08	57,56	55,16	57,02	61850195
800	26.07.2021	56,89	57,54	56,56	57,03	34104608
801	02.08.2021	57,2	57,24	56,01	56,64	34551136
802	09.08.2021	56,8	57,3	56,43	57,23	29251044
803	16.08.2021	57,2	57,56	55,95	56,63	38720995
804	23.08.2021	56,67	56,75	55,45	55,65	39546930
805	30.08.2021	55,69	57,03	55,64	56,74	38960863
806	06.09.2021	56,6	56,69	55,51	55,61	36658083
807	13.09.2021	55,74	56,4	54,37	54,42	62670320
808	20.09.2021	54,11	54,82	53,73	53,89	48772500
809	27.09.2021	53,85	54,25	52,43	53,02	59912240
810	04.10.2021	53,06	54,39	52,4	54,13	62048402
811	11.10.2021	54,21	54,88	53,79	54,48	52809110
812	18.10.2021	54,35	54,76	53,77	54,46	49135298
813	25.10.2021	54,38	56,47	54,02	56,37	67727201
814	01.11.2021	56,39	57,16	55,78	56,85	44084944
815	08.11.2021	56,75	56,99	56,09	56,6	32585947
816	15.11.2021	56,53	56,94	54,9	55,13	44712212
817	22.11.2021	55,1	56,11	53,58	53,73	44422015
818	29.11.2021	54,05	54,73	52,28	53,55	75381078
819	06.12.2021	54,31	56,32	54,14	56,27	70875678
820	13.12.2021	56,98	58,92	56,96	57,97	101723369
821	20.12.2021	57,2	58,61	57	58,22	43590093
822	27.12.2021	58	59,35	58	59,22	33248466
823	03.01.2022	58,82	61,2	58,38	60,33	71764686
824	10.01.2022	60,55	61,45	59,84	61,37	57518617
825	17.01.2022	61,06	61,44	60,4	60,4	67339120
826	24.01.2022	59,9	60,93	58,57	60,84	79262278
827	31.01.2022	60,3	61,78	60,15	60,96	74176177
828	07.02.2022	61,38	62,33	60,15	60,29	80035809
829	14.02.2022	60,16	62,82	59,28	62,55	69678910
830	21.02.2022	62,43	62,9	59,22	62,84	68242108
831	28.02.2022	61,65	63,02	61,2	62,57	70045207
832	07.03.2022	62,01	62,07	57,5	57,94	89539879
833	14.03.2022	57,97	60,3	57,97	60,09	58270970
834	21.03.2022	60,5	61,61	60	61,54	45321129
835	28.03.2022	61,53	62,95	61,21	62,86	48037232
836	04.04.2022	62,6	64,04	61,72	63,84	54011009
837	11.04.2022	63,91	65,57	63,64	65,03	43118418
838	18.04.2022	64,77	67	64,18	65,29	45842785
839	25.04.2022	67	67,2	64,49	64,64	77196785
840	02.05.2022	65,28	65,31	62,58	64,76	76020518
841	09.05.2022	64,47	65,8	63,21	65,72	71340338
842	16.05.2022	65,44	66,38	59,66	60,98	98542289
843	23.05.2022	61,65	65,1	61,59	64,68	58814624
844	30.05.2022	64,08	64,32	62,11	62,97	45219756
845	06.06.2022	63,33	63,77	60,46	61,4	39082316
846	13.06.2022	60,75	62,29	58,25	59,43	78520601
847	20.06.2022	59,49	63,06	59,01	63,06	44779916
848	27.06.2022	62,98	64,45	62,11	64,41	46919125
849	04.07.2022	64,18	64,18	62,42	63,15	37186601
850	11.07.2022	62,99	63,46	61,3	62,48	41438798
851	18.07.2022	62,52	62,65	60,79	61,63	38875691
852	25.07.2022	61,55	64,29	61,31	64,2	49725111
853	01.08.2022	64,09	65,04	62,67	63,38	38695462
854	08.08.2022	63,5	63,99	62,75	63,7	27111012
855	15.08.2022	63,64	65,47	63,57	65,17	26684779
856	22.08.2022	64,84	64,92	62,98	63,13	29077175
857	29.08.2022	62,69	63,03	60,9	61,16	36245275
858	05.09.2022	61,29	62,88	60,99	62,34	31767050
859	12.09.2022	62,43	62,81	59,11	59,52	44310997
860	19.09.2022	59,39	60,7	58	58,61	45258804
861	26.09.2022	58,49	58,57	55,91	56,08	62662268
862	03.10.2022	56,36	57,81	54,25	54,51	55469304
863	10.10.2022	54,6	56,47	54,02	55,07	52873438
864	17.10.2022	55,69	56,78	54,96	55,97	46577401
865	24.10.2022	56,64	60,91	56,57	60,78	65708395
866	31.10.2022	60,51	60,57	58,1	59,26	37691886
867	07.11.2022	59,26	61,45	58,75	61,32	44668260
868	14.11.2022	61,32	61,72	60	61,17	42522637
869	21.11.2022	61,41	62,81	61,2	62,69	21560498
870	28.11.2022	62,69	64,52	61,75	64,37	39569974
871	05.12.2022	63,41	63,88	63,09	63,12	35271853
872	12.12.2022	63,3	64,7	62,33	62,76	44551215
873	19.12.2022	62,83	64,05	62,47	63,84	29557557
874	26.12.2022	63,93	64,65	63,17	63,62	19194951
875	02.01.2023	63,56	63,67	62,08	63,41	28577625
876	09.01.2023	63,3	63,72	60,59	61,44	37951578
877	16.01.2023	61,73	62,38	59,4	60,06	41533116
878	23.01.2023	60,28	61,85	59,8	60,47	41687306
879	30.01.2023	60,54	61,58	59,23	59,81	49175640
880	06.02.2023	59,79	60,34	58,88	59,63	44799702
881	13.02.2023	59,9	60,9	58,95	60,12	58404111
882	20.02.2023	59,99	60,42	59,39	59,83	30588577
883	27.02.2023	60,18	60,3	58,37	59,43	39920268
884	06.03.2023	59,26	60,57	58,99	59,21	45497063
885	13.03.2023	59,29	60,87	59,24	60,03	60184779
886	20.03.2023	60,16	61,02	59,72	60,91	40506773
887	27.03.2023	61,14	62,25	60,95	62,02	31144898
888	03.04.2023	62,3	63,04	61,86	62,84	27651694
889	10.04.2023	62,49	63,16	62,02	63,05	29198026
890	17.04.2023	63,32	64,27	63,14	64,05	32955804
891	24.04.2023	64,75	64,99	63,11	64,15	45192567
892	01.05.2023	64,15	64,69	63,27	64,03	35286630
893	08.05.2023	63,81	64,19	62,99	64,13	28549266
894	15.05.2023	64,22	64,25	62,57	62,82	34164061
895	22.05.2023	62,79	62,87	60,11	60,27	42635695
896	29.05.2023	60,09	61,32	59,37	61,17	44645948
897	05.06.2023	61,04	61,44	59,82	60,47	40141803
898	12.06.2023	60,59	62,17	60,02	61,68	49048700
899	19.06.2023	61,59	62,1	60,98	61,21	32539695
900	26.06.2023	61,21	61,36	59,77	60,22	47039316
901	03.07.2023	60,2	61,1	59,73	59,77	32772585
902	10.07.2023	59,97	61,04	58,84	60,92	42352264
903	17.07.2023	60,76	62,68	60,41	62,44	38469433
904	24.07.2023	62,42	63,27	61,39	62,49	39049580
905	31.07.2023	62,45	62,59	60,62	60,72	32181356
906	07.08.2023	60,79	61,73	60,62	61,19	23578084
907	14.08.2023	61,32	61,48	60,37	60,98	29538009
908	21.08.2023	60,86	60,93	59,98	60,4	26689760
909	28.08.2023	60,55	60,74	59,12	59,3	29451760
910	04.09.2023	59,25	59,32	58,01	58,33	36317614
911	11.09.2023	58,4	59	57,75	57,94	45780191
912	18.09.2023	57,98	58,83	57,42	57,59	44781713
913	25.09.2023	57,4	57,49	55,62	56	39098184
914	02.10.2023	55,91	56,01	51,55	53,15	69820353
915	09.10.2023	52,96	54,33	52,11	52,9	62515725
916	16.10.2023	53,02	55,02	52,84	54,56	50830039
917	23.10.2023	54,38	56,63	54,05	55,24	63863629
918	30.10.2023	55,43	57,59	55,42	56,74	49032430
919	06.11.2023	56,78	57,47	56,06	56,72	38779324
920	13.11.2023	56,62	57,53	56,6	57,27	42369993
921	20.11.2023	57,05	58,75	56,96	58,57	28282674
922	27.11.2023	58,54	58,83	57,6	58,64	39835610
923	04.12.2023	58,59	58,96	58,21	58,6	34510553
924	11.12.2023	58,83	60,04	57,8	58,52	63075328
925	18.12.2023	58,8	59,49	57,47	58,33	44809632
926	25.12.2023	58,06	58,98	58,06	58,91	20896092
927	01.01.2024	58,8	60,26	58,67	59,66	32622512
928	08.01.2024	59,68	60,46	59,42	60,4	36345752
929	15.01.2024	60,39	60,43	59,53	59,85	27828108
930	22.01.2024	59,76	60,07	58,66	59,36	44843099
931	29.01.2024	59,34	61,01	59,17	60,53	58771016
932	05.02.2024	60,38	60,38	59,03	59,57	40186570
933	12.02.2024	59,66	60,66	58,79	59,39	55874255
934	19.02.2024	59,6	61,62	59,51	61,18	36953535
935	26.02.2024	61,24	61,27	59,34	59,53	32940352
936	04.03.2024	59,23	60,11	58,97	59,53	36071925
937	11.03.2024	59,78	61,21	59,58	59,88	47555239
938	18.03.2024	59,89	60,99	59,8	60,48	34814236
939	25.03.2024	60,48	61,43	60,12	61,16	27138312
940	01.04.2024	61,18	61,3	58,91	59,52	39723342
941	08.04.2024	59,4	59,74	58,13	58,27	35126355
942	15.04.2024	58,61	60,36	57,93	60,17	46301254
943	22.04.2024	60,14	62,59	59,72	61,73	54017470
944	29.04.2024	61,92	62,83	61,21	62,18	45615033
945	06.05.2024	62,3	63,36	61,9	63,26	27869779
946	13.05.2024	63,24	63,76	62,8	63,04	31395070
947	20.05.2024	62,93	63,02	61,97	62,01	25222017
948	27.05.2024	61,79	63,03	61,07	62,96	27318411
949	03.06.2024	62,71	64,36	62,45	63,94	28485362
950	10.06.2024	63,94	63,99	62,09	62,57	27593266
951	17.06.2024	62,37	63,1	61,95	62,78	28872308
952	24.06.2024	62,99	64,27	62,91	63,65	27594349
953	01.07.2024	64,03	64,3	62,86	63,75	24762171
954	08.07.2024	63,59	64,12	62,29	63,74	34485568
955	15.07.2024	63,79	65,81	63,35	65,3	32990904
956	22.07.2024	65,25	67,11	64,32	67,05	45578882
957	29.07.2024	66,88	69,67	66,36	69,31	49219997
958	05.08.2024	68,99	69,55	67,73	68,68	45501543
959	12.08.2024	68,45	69,3	67,83	69,18	33858319
960	19.08.2024	69,35	70,13	68,77	69,77	30697322
961	26.08.2024	69,83	72,57	69,73	72,47	48650331
962	02.09.2024	72,44	73,53	70,89	71,17	40715371
963	09.09.2024	71,23	72,42	70,48	71,42	31937334
964	16.09.2024	71,77	72,38	70,38	71,63	37385155
965	23.09.2024	71,55	72,2	70,6	71,78	29952689
966	30.09.2024	72	72,75	69,72	70,14	32482686
967	07.10.2024	70,05	70,1	68,86	69,56	29747367
968	14.10.2024	69,57	71,21	69,47	70,43	25338202
969	21.10.2024	70	70,33	66,58	66,92	51020793
970	28.10.2024	66,96	67,4	64,89	64,99	37698671
971	04.11.2024	65,08	65,47	63,18	63,94	42256453
972	11.11.2024	63,99	64,12	61,39	61,72	51638590
973	18.11.2024	61,85	64,48	61,56	63,92	47308641
974	25.11.2024	64,32	65,1	63,77	64,08	31458505
975	02.12.2024	64,05	64,19	61,9	62,51	56684824
976	09.12.2024	62,69	63,92	61,79	63,13	52087718
977	16.12.2024	63,23	63,86	62,28	62,6	58262676
978	23.12.2024	62,5	62,95	61,53	62,46	20420858
979	30.12.2024	62,34	62,75	61,62	61,74	20551947
980	06.01.2025	61,5	61,77	60,62	61,06	41388458
981	13.01.2025	61,13	62,77	60,71	62,7	48311586
982	20.01.2025	62,9	63,23	61,37	61,91	44700068
983	27.01.2025	62,87	64,29	62,28	63,46	45707613
984	03.02.2025	63,18	63,92	62,35	63,85	39476187
985	10.02.2025	64,1	70,03	63,66	68,86	78386770
986	17.02.2025	68,55	71,6	68,42	71,39	40403224
987	24.02.2025	70,84	71,77	70,33	71,2	56366715
988	03.03.2025	70,24	72,65	69,45	71,43	63802329
989	10.03.2025	71,96	73,22	68,38	69,15	62808360
990	17.03.2025	69,24	70,19	68,18	68,64	46263924
991	24.03.2025	68,8	71,32	68,33	70,37	40848060
992	31.03.2025	70,73	73,95	70,49	70,71	52936730
993	07.04.2025	66,23	71,85	66,05	71,37	78863577
994	14.04.2025	71,3	73,43	70,93	72,98	40959488
995	21.04.2025	73,38	74,38	71,13	71,92	53671610
996	28.04.2025	72,08	73,48	70,28	71,65	61260861
997	05.05.2025	71,67	72,69	70,46	70,52	49580796
998	12.05.2025	70,15	72,26	68,58	72	70527476
999	19.05.2025	72,03	72,17	70,69	71,77	47075715
1000	26.05.2025	71,74	72,47	70,46	72,1	43719453
1001	02.06.2025	72,03	72,04	70,48	71,35	47814963
1002	09.06.2025	71,35	72,69	70,73	71,02	49725518
1003	16.06.2025	71,2	71,62	68,78	68,84	58163299
1004	23.06.2025	69,14	70,56	68,97	70,33	65402517
1005	30.06.2025	70,36	72,45	70,09	71,35	45037292
1006	07.07.2025	71,37	71,37	68,95	69,87	74820143
1007	14.07.2025	69,8	70,7	68,79	69,85	60318720
1008	21.07.2025	70,2	70,62	68,6	69,17	67109963
1009	28.07.2025	68,74	69,42	67,74	68,86	57352476
1010	04.08.2025	68,72	70,87	68,31	70,34	45615001
1011	11.08.2025	70,3	71,06	69,39	69,92	42579647
1012	18.08.2025	69,98	71,71	69,05	70,13	45351245
1013	25.08.2025	70,11	70,23	68,28	68,99	54562300
1014	01.09.2025	68,96	69,46	67,37	67,96	74524839
1015	08.09.2025	67,86	68,17	66,94	67,01	68292054
1016	15.09.2025	66,68	67,13	66,05	66,43	73185813
1017	22.09.2025	66,16	66,92	65,5	65,67	59184750
1018	29.09.2025	65,67	66,99	65,35	66,65	55297302
1019	06.10.2025	66,49	67,4	65,84	67,04	55851154
1020	13.10.2025	66,23	68,5	66	68,44	54023134
1021	20.10.2025	68,43	71,62	67,92	69,71	73066303
1022	27.10.2025	69,78	70,9	67,9	68,9	60123518
1023	03.11.2025	68,8	70,87	67,66	70,55	62569525
1024	10.11.2025	70,01	71,89	69,44	71,16	55060756
1025	17.11.2025	71,2	73,19	70,57	72,95	60982474
1026	24.11.2025	73,16	73,23	71,57	73,12	57961164
1027	01.12.2025	72,6	72,91	69,87	70	58216448
1028	08.12.2025	69,84	70,69	68,79	70,52	76009578
1029	15.12.2025	70,43	71,32	70,03	70,06	68513558
1030	22.12.2025	69,93	70,26	69,66	69,87	24889321
1031	29.12.2025	70	70,42	68,98	69,12	29348892
1032	05.01.2026	68,92	70,66	67,27	70,51	80615165
1033	12.01.2026	70,9	71,71	70,04	70,44	69390310
1034	19.01.2026	70	73,06	69,79	72,88	56340765
1035	26.01.2026	72,86	74,9	72,27	74,81	67394749
1036	02.02.2026	75,01	79,2	74,4	79,03	67474086
1037	09.02.2026	78,67	80,41	76,01	78,68	86273087
1038	16.02.2026	78,99	79,93	78,59	79,84	45365766
1039	23.02.2026	79,52	82	79,5	81,56	66971032
1040	02.03.2026	81,25	81,4	76,35	77,04	61455601
1041	09.03.2026	76,62	78,41	76,53	77,34	54227474
1042	16.03.2026	78	78,43	74,39	74,75	61879637
1043	23.03.2026	75,34	76,05	74,07	75,71	46569196
