№	<DATE>	<OPEN>	<HIGH>	<LOW>	<CLOSE>	<VOL>
1	01.03.2019	7152,08	7159,96	7101,07	7151,57	20289
2	04.03.2019	7193,88	7205,94	7073,4	7150,83	21008
3	05.03.2019	7156,66	7178,3	7120,69	7156,79	20327
4	06.03.2019	7156,24	7162,24	7104,55	7112,47	20324
5	07.03.2019	7089,63	7097,91	7001,81	7026,88	20493
6	08.03.2019	6940,9	7018,92	6940,72	7015,69	20317
7	11.03.2019	7050,05	7166,92	7049,56	7164,02	20295
8	12.03.2019	7176,23	7219,41	7166,95	7201,28	20164
9	13.03.2019	7231,05	7292,86	7229,88	7256,98	20405
10	14.03.2019	7257,31	7267,94	7240,96	7243,01	19821
11	15.03.2019	7274,14	7331,29	7265,63	7306,99	20782
12	18.03.2019	7311,63	7348,69	7293,85	7326,28	20384
13	19.03.2019	7357,58	7390,29	7321,93	7349,28	20727
14	20.03.2019	7348,99	7422,75	7318,42	7380,75	20956
15	21.03.2019	7356,94	7505,41	7356,94	7493,27	21108
16	22.03.2019	7458,44	7482,35	7323,52	7326,06	21294
17	25.03.2019	7299,93	7342,51	7265,28	7317,72	21216
18	26.03.2019	7378,23	7417,26	7314,38	7351,15	20845
19	27.03.2019	7364,47	7376,99	7252,06	7308,19	20795
20	28.03.2019	7325,06	7346,04	7277,69	7320,47	19937
21	29.03.2019	7377,77	7381,69	7333,17	7378,77	19597
22	01.04.2019	7450,81	7481,84	7422,44	7475,39	19928
23	02.04.2019	7473,51	7507,05	7461,51	7499,64	19909
24	03.04.2019	7538,17	7589,69	7520,4	7544,97	20846
25	04.04.2019	7542,16	7571,13	7496,3	7540,57	20154
26	05.04.2019	7564,27	7581,9	7554,91	7578,84	19317
27	08.04.2019	7565,06	7602,08	7536,42	7599,74	19538
28	09.04.2019	7571,88	7596,75	7555,62	7568,49	19863
29	10.04.2019	7581,39	7613,41	7573,28	7611,49	19404
30	11.04.2019	7621,4	7621,4	7580,71	7594,89	19336
31	12.04.2019	7624,15	7630,52	7596,56	7628,15	19717
32	15.04.2019	7630,6	7636,8	7578,54	7629,12	19256
33	16.04.2019	7651,19	7670,4	7631,64	7654,73	20247
34	17.04.2019	7705,32	7715,07	7659,85	7680,5	21188
35	18.04.2019	7688,93	7694,18	7647,4	7689,72	20281
36	22.04.2019	7658,37	7715,33	7653,89	7713,49	19936
37	23.04.2019	7724,17	7819,34	7719,09	7810,71	20637
38	24.04.2019	7813,02	7827,05	7783,59	7784,41	20823
39	25.04.2019	7850,71	7851,97	7778,23	7816,92	21159
40	26.04.2019	7791,15	7826,73	7742,6	7826,68	20933
41	29.04.2019	7825,64	7851,85	7812,97	7838,03	20343
42	30.04.2019	7769,3	7792,32	7726,07	7781,46	20948
43	01.05.2019	7828,14	7851,03	7750,35	7751,85	21447
44	02.05.2019	7751,64	7791,51	7672,54	7724,06	21261
45	03.05.2019	7784,29	7847,52	7772,44	7845,73	20797
46	06.05.2019	7662,92	7804,54	7662,92	7794,09	20485
47	07.05.2019	7713,49	7743,06	7572,61	7640,15	21839
48	08.05.2019	7623,32	7678,82	7593,75	7617,55	20583
49	09.05.2019	7525,81	7605,03	7472,71	7582,75	21498
50	10.05.2019	7556,04	7623,01	7426,75	7586,53	21592
51	13.05.2019	7385,55	7433,92	7303,64	7324,13	21950
52	14.05.2019	7366,64	7449,03	7337,94	7401,88	20867
53	15.05.2019	7354,82	7524,22	7353,9	7503,25	20810
54	16.05.2019	7509,9	7627,03	7502,76	7580,84	20852
55	17.05.2019	7513,15	7605,67	7496,92	7503,68	21121
56	20.05.2019	7391,73	7424,59	7351,92	7376,7	21330
57	21.05.2019	7442,31	7472,71	7417,07	7451,02	19920
58	22.05.2019	7413,84	7458,11	7410,71	7420,66	20575
59	23.05.2019	7331,67	7337,47	7261,46	7307,93	21298
60	24.05.2019	7353,97	7371,3	7294,1	7300,96	19983
61	28.05.2019	7321,27	7362,29	7274,7	7277,54	20463
62	29.05.2019	7222,55	7254,2	7176,67	7216,86	21130
63	30.05.2019	7234,83	7262,77	7204,42	7245,4	20057
64	31.05.2019	7148,71	7183,23	7125,97	7127,39	20400
65	03.06.2019	7110,34	7126,43	6936,68	6974,1	22144
66	04.06.2019	7056,18	7169,49	7023,09	7167,79	21458
67	05.06.2019	7230,81	7235,23	7146,43	7220,9	20836
68	06.06.2019	7229,86	7293,22	7201,59	7275,68	20268
69	07.06.2019	7315,33	7445,99	7309,01	7417,29	20723
70	10.06.2019	7472,6	7573	7468,17	7501,93	20821
71	11.06.2019	7584,75	7595,57	7489,99	7513,85	20728
72	12.06.2019	7493,55	7507,52	7459,2	7472,29	20053
73	13.06.2019	7500,85	7530,91	7487,09	7510,68	19832
74	14.06.2019	7476,47	7500,74	7454,87	7479,11	19621
75	17.06.2019	7500,28	7546,99	7492,17	7525,7	19759
76	18.06.2019	7606,61	7689,08	7595,59	7635,4	20837
77	19.06.2019	7652,52	7681,56	7606,28	7667,74	20257
78	20.06.2019	7770,17	7770,61	7681,43	7738,02	20171
79	21.06.2019	7719,42	7772,53	7708,25	7728,25	20020
80	24.06.2019	7737	7746,68	7720,78	7723,02	19820
81	25.06.2019	7720,91	7723,04	7584,17	7591,54	20868
82	26.06.2019	7642,92	7688,64	7616,91	7627,05	20570
83	27.06.2019	7656,68	7672,98	7636,72	7657,05	19836
84	28.06.2019	7677,07	7682,26	7639,44	7671,07	20053
85	01.07.2019	7816,56	7820,81	7735,67	7768,14	20652
86	08.11.2019	8208,37	8256,29	8186,31	8255,89	19676
87	11.11.2019	8212,37	8245,89	8202,36	8241,91	19538
88	12.11.2019	8249,62	8293,18	8238,33	8263,79	20065
89	13.11.2019	8235,68	8274,61	8233,38	8259,81	20237
90	14.11.2019	8238,85	8264,94	8212,59	8257,83	19959
91	15.11.2019	8303,84	8315,9	8284,2	8315,52	20184
92	18.11.2019	8303,22	8340,41	8274,68	8328,48	20152
93	19.11.2019	8357,43	8357,8	8308,28	8338,74	20237
94	20.11.2019	8315,55	8339,26	8226,25	8283,75	20636
95	21.11.2019	8273,95	8282,33	8242,22	8265,62	20098
96	22.11.2019	8287,25	8292,11	8229,49	8272,05	19721
97	25.11.2019	8309,55	8372,82	8309,55	8371,93	19711
98	26.11.2019	8374,26	8398,04	8364,11	8389,3	19739
99	27.11.2019	8407,23	8445,61	8399,63	8444,71	18918
100	29.11.2019	8422,02	8435,96	8402,13	8403,68	10745
101	02.12.2019	8409,87	8409,87	8274,61	8315,41	19886
102	03.12.2019	8201,63	8258,4	8167,36	8254,74	20277
103	04.12.2019	8291,86	8316,46	8285,88	8296,53	19656
104	05.12.2019	8321,19	8321,19	8272,83	8308,4	19134
105	06.12.2019	8370,23	8405,85	8365,25	8397,37	19146
106	09.12.2019	8388,75	8425,77	8359,87	8362,74	19891
107	10.12.2019	8364,55	8392,89	8339,37	8354,29	19646
108	11.12.2019	8371,65	8408,08	8361,37	8402,61	19410
109	12.12.2019	8391,91	8493,11	8380,09	8466,89	20923
110	13.12.2019	8461,42	8517,52	8441,88	8487,71	20284
111	16.12.2019	8544,26	8584,78	8542,42	8570,33	19874
112	17.12.2019	8586,33	8592,45	8564,15	8575,7	19609
113	18.12.2019	8587,2	8608,1	8578,56	8580,62	19894
114	19.12.2019	8592,68	8642,74	8592,68	8641,29	19610
115	20.12.2019	8666,57	8687,66	8656,48	8678,49	19983
116	23.12.2019	8703,06	8710,9	8690,14	8696,01	19068
117	24.12.2019	8705,3	8708,22	8684,12	8699,51	10347
118	26.12.2019	8717,95	8778,33	8716,03	8778,31	18444
119	27.12.2019	8805,86	8811,1	8749,86	8770,98	18667
120	30.12.2019	8766,39	8768,29	8671,92	8709,73	19635
121	31.12.2019	8681,33	8735,43	8674,38	8729,86	18091
122	02.01.2020	8802,22	8873,63	8786,9	8872,22	20041
123	03.01.2020	8755,17	8843,65	8755,17	8793,9	20020
124	06.01.2020	8713,89	8849,98	8713,89	8848,52	19770
125	07.01.2020	8857,14	8872,47	8821,68	8846,45	20311
126	08.01.2020	8845,45	8953,55	8834,94	8912,37	20820
127	09.01.2020	8990,04	9004,55	8938,53	8989,63	20682
128	10.01.2020	9021,88	9024,87	8951,83	8966,64	20381
129	13.01.2020	9007,94	9071,53	8991,35	9070,65	20422
130	14.01.2020	9068,02	9080,16	9020,92	9033,42	20999
131	15.01.2020	9039,31	9078,87	9008,95	9035,67	20350
132	16.01.2020	9088,08	9126,07	9066,31	9125	20066
133	17.01.2020	9159,48	9176,47	9118,98	9173,73	20273
134	21.01.2020	9145,64	9187,05	9141,78	9166,63	20657
135	22.01.2020	9212,35	9242,48	9179,27	9188,57	20920
136	23.01.2020	9186,14	9221,13	9145,23	9216,98	20939
137	24.01.2020	9266,35	9272,37	9101,44	9141,47	21787
138	27.01.2020	8914,24	9001,44	8910,97	8952,18	21294
139	28.01.2020	9013,23	9111,32	8994,28	9090,93	20660
140	29.01.2020	9141,52	9153,08	9067,29	9101,61	21565
141	30.01.2020	9038,92	9140,69	9019,72	9136,09	21723
142	31.01.2020	9169,91	9170,22	8963,24	8988,76	22017
143	03.02.2020	9033,52	9148,5	9031,07	9126,23	21797
144	04.02.2020	9256,94	9352,96	9224,86	9334,06	21789
145	05.02.2020	9441,34	9442,75	9311,88	9367,48	21900
146	06.02.2020	9395,69	9448,72	9357,86	9445,92	21522
147	07.02.2020	9397,77	9453,24	9376,91	9401,1	20775
148	10.02.2020	9373,2	9517,74	9373,2	9516,84	20854
149	11.02.2020	9567,81	9600,05	9493,63	9517,86	21624
150	12.02.2020	9569,82	9615,9	9552,03	9612,51	20984
151	13.02.2020	9540,67	9636,41	9532,74	9595,79	21537
152	14.02.2020	9613,88	9634,75	9583,08	9623,58	20713
153	18.02.2020	9567,27	9647,72	9567,27	9629,8	21009
154	19.02.2020	9683,94	9736,57	9676,07	9718,73	20557
155	20.02.2020	9696,66	9714,23	9513,23	9627,83	21468
156	21.02.2020	9582,54	9594	9406,38	9446,69	21556
157	24.02.2020	9056	9194,91	9028,87	9079,63	22213
158	25.02.2020	9167,33	9183,78	8807,11	8834,87	22532
159	26.02.2020	8883,01	9032,87	8813,92	8871,85	22394
160	27.02.2020	8632,54	8786,68	8434,65	8434,65	22563
161	28.02.2020	8133,85	8490,47	8133,85	8466,71	22541
162	02.03.2020	8569,91	8876,06	8446,5	8875,51	22633
163	03.03.2020	8892,04	8999,38	8516,58	8585,66	22167
164	04.03.2020	8745,64	8952,03	8669,76	8945,38	22332
165	05.03.2020	8713,19	8864,19	8613,91	8671,66	22484
166	06.03.2020	8395,95	8571,88	8319,9	8530,34	22550
167	09.03.2020	7912,14	8241,77	7912,14	7945,22	21947
168	10.03.2020	8213,97	8376,44	7942,13	8376,44	22947
169	11.03.2020	8166,26	8224,73	7900,99	8006,12	22772
170	12.03.2020	7453,21	7807,63	7255,99	7255,99	21484
171	13.03.2020	7687,14	7998,51	7301,88	7998,51	22769
172	16.03.2020	7502,26	7563,45	6993,61	7013,89	22173
173	17.03.2020	7198,53	7550,13	6959,15	7473,95	22998
174	18.03.2020	7023,86	7336,88	6837,53	7230,3	22137
175	19.03.2020	7190,21	7514,13	7038,92	7288,52	22703
176	20.03.2020	7389,37	7487,83	6969,77	6983,14	23060
177	23.03.2020	6952,71	7145,29	6771,91	6999,12	23142
178	24.03.2020	7348,99	7544,43	7304,39	7535,5	23108
179	25.03.2020	7540,62	7777,61	7390,41	7466,76	22887
180	26.03.2020	7549,83	7913,11	7549,83	7898,36	22809
181	27.03.2020	7657,44	7817,74	7580,22	7586,47	22861
182	30.03.2020	7678,83	7902,09	7651,43	7885,62	22827
183	31.03.2020	7855,74	8011,6	7765,45	7809,86	22900
184	01.04.2020	7582,78	7701,68	7423,97	7492,36	22854
185	02.04.2020	7448,56	7641,86	7432,28	7630,63	22731
186	03.04.2020	7631,57	7673,49	7439,78	7528,11	22618
187	06.04.2020	7819,06	8110,66	7763,09	8077,52	22437
188	07.04.2020	8287,48	8304,13	8043,07	8048,27	22823
189	08.04.2020	8134,3	8254,41	8058,41	8225,97	22565
190	09.04.2020	8284,31	8334,23	8167,93	8239,34	22651
191	13.04.2020	8209,68	8338,15	8158,58	8332,74	22316
192	14.04.2020	8489,27	8708,55	8472,2	8692,16	22541
193	15.04.2020	8548,47	8666,24	8500,56	8593,3	22365
194	16.04.2020	8689,09	8793,35	8605,51	8758,28	22605
195	17.04.2020	8876,76	8876,76	8704,38	8832,41	22332
196	20.04.2020	8742,54	8855,18	8725,32	8726,51	22339
197	21.04.2020	8639,74	8663,09	8359,84	8405,5	22579
198	22.04.2020	8575,57	8706,44	8550,61	8664,63	22211
199	23.04.2020	8693,73	8796,49	8624,63	8641,5	22346
200	24.04.2020	8666,57	8791,36	8599,99	8786,6	22187
201	27.04.2020	8865,58	8887,62	8803,88	8837,66	21933
202	28.04.2020	8913,28	8918,38	8668,67	8677,6	22171
203	29.04.2020	8871,04	9025,82	8832	8982,76	22468
204	30.04.2020	9005,24	9023,03	8920,42	8995,8	22561
205	01.05.2020	8791,88	8887,58	8688,58	8722,25	22529
206	04.05.2020	8683,94	8839,07	8665,4	8834,85	22090
207	05.05.2020	8922,39	9031	8900,57	8930,62	21959
208	06.05.2020	8997,02	9065,58	8950,89	8984,86	21895
209	07.05.2020	9104,67	9136,18	9045,23	9101,88	21973
210	08.05.2020	9165,7	9224,49	9126,97	9220,35	21699
211	11.05.2020	9155,21	9346,27	9155,21	9298,92	21726
212	12.05.2020	9326,06	9354,45	9109,09	9112,45	21759
213	13.05.2020	9123,69	9209,49	8890,16	9000,08	22584
214	14.05.2020	8946,45	9097,75	8860,77	9094,43	22482
215	15.05.2020	8976,29	9157,46	8958,08	9152,64	22360
216	18.05.2020	9281,36	9367,54	9248,78	9331,93	22123
217	19.05.2020	9326,28	9422,9	9296,65	9298,54	21956
218	20.05.2020	9415,25	9498,28	9412,83	9485,02	22184
219	21.05.2020	9487,63	9515,05	9361,83	9377,99	21933
220	22.05.2020	9363,68	9421,93	9325,07	9413,99	21707
221	26.05.2020	9570,53	9570,53	9379,9	9389,98	21692
222	27.05.2020	9366,63	9445,06	9182,45	9442,05	22365
223	28.05.2020	9404,83	9568,89	9391,84	9416,71	22244
224	29.05.2020	9440,64	9573,55	9379,93	9555,52	21932
225	01.06.2020	9526,43	9609,38	9515,34	9598,89	21794
226	02.06.2020	9603,18	9660,08	9511,88	9657,31	21831
227	03.06.2020	9689,72	9729,11	9648,93	9704,69	21865
228	04.06.2020	9672,17	9741,97	9577,71	9629,66	22198
229	05.06.2020	9673,09	9846,63	9659,45	9824,39	22420
230	08.06.2020	9805,69	9904,52	9753,87	9901,52	21828
231	09.06.2020	9861,18	10006,9	9859	9967,17	22108
232	10.06.2020	10037,98	10155,2	10022,44	10094,42	22337
233	11.06.2020	9907,8	9978,19	9586,25	9588,48	22690
234	12.06.2020	9785,58	9849,01	9499,1	9663,77	22799
235	15.06.2020	9517,14	9809,41	9489,58	9778,08	22357
236	16.06.2020	9983,65	10010,89	9801,45	9953,32	22239
237	17.06.2020	9998,86	10058,65	9952,5	9982,48	21635
238	18.06.2020	9972,35	10018,56	9943,96	10012,05	21554
239	19.06.2020	10104,63	10121,67	9937,81	10004,62	22292
240	22.06.2020	10009	10134,64	9989,49	10130,33	21900
241	23.06.2020	10192,42	10306,9	10172,07	10209,82	21998
242	24.06.2020	10183,77	10232,42	9943,24	10002,7	22369
243	25.06.2020	10003,5	10110,29	9901,21	10101,83	21868
244	26.06.2020	10087,08	10093,98	9837,74	9849,36	22561
245	29.06.2020	9850,55	9965,08	9742,89	9961,16	22145
246	30.06.2020	9970,21	10185,35	9956,83	10156,74	21908
247	01.07.2020	10160,41	10321,77	10142,75	10279,25	22197
248	02.07.2020	10386,38	10432,55	10328,78	10341,89	21747
249	06.07.2020	10487,7	10625,1	10485,81	10604,06	22134
250	07.07.2020	10595,94	10704,93	10516,63	10524,01	21936
251	08.07.2020	10594,41	10669,13	10528,82	10666,7	22116
252	09.07.2020	10745,87	10785,96	10574,97	10754,59	22207
253	10.07.2020	10751,77	10842,78	10639,48	10836,7	22160
254	13.07.2020	10951,54	11069,26	10574,56	10601,27	22625
255	14.07.2020	10502,85	10701,88	10370,79	10689,52	22362
256	15.07.2020	10752,11	10780,4	10570,96	10701,68	22114
257	16.07.2020	10589,86	10658,9	10495,09	10626,46	22084
258	17.07.2020	10651,59	10680,7	10558,78	10645,22	21627
259	20.07.2020	10672,96	10971,52	10621,96	10952,08	22246
260	21.07.2020	11015,54	11017,43	10800,87	10833,07	22091
261	22.07.2020	10850,92	10910,24	10776,24	10870,75	21964
262	23.07.2020	10853,16	10885,38	10531,21	10580,59	22695
263	24.07.2020	10389,53	10543,42	10313,94	10483,13	22577
264	27.07.2020	10547,11	10689,55	10527,64	10674,38	22009
265	28.07.2020	10644,34	10662,19	10527,43	10532,5	21832
266	29.07.2020	10602,4	10694,88	10587,19	10662,98	22061
267	30.07.2020	10578,62	10737,03	10531,79	10715,51	22339
268	31.07.2020	10886,36	10908,34	10707,4	10905,88	22615
269	03.08.2020	11018,02	11085,5	10997,67	11055,08	22473
270	04.08.2020	11048,5	11097,85	11002,55	11096,54	22195
271	05.08.2020	11107,24	11141,69	11077,7	11125,44	21750
272	06.08.2020	11116,49	11282,23	11090,5	11268,12	22216
273	07.08.2020	11235,23	11276,3	11044,6	11139,39	22525
274	10.08.2020	11153,51	11159,38	10941,87	11085,17	22189
275	11.08.2020	11039,68	11090,92	10855,06	10876,08	22308
276	12.08.2020	10972,07	11190,26	10970,87	11157,72	22363
277	13.08.2020	11174,64	11271,22	11139,64	11178,37	22067
278	14.08.2020	11187,82	11213,27	11106,93	11164,45	21392
279	17.08.2020	11231,97	11306,47	11228,14	11288,57	21753
280	18.08.2020	11339,76	11421,1	11279,08	11399,03	21452
281	19.08.2020	11397,23	11440,22	11303,4	11318,64	21771
282	20.08.2020	11277,05	11497,18	11268,46	11477,05	21991
283	21.08.2020	11476,85	11574,79	11461,53	11555,16	22267
284	24.08.2020	11703,34	11728,09	11535,55	11626,17	22091
285	25.08.2020	11610,58	11723,95	11580,89	11721,81	21915
286	26.08.2020	11779,35	11979,65	11768	11971,94	22610
287	27.08.2020	11997,89	12047,99	11842,84	11926,16	22364
288	28.08.2020	11992,68	12018,14	11928,69	11995,85	22064
289	31.08.2020	12017,46	12167,46	12000,11	12110,7	22786
290	01.09.2020	12203,36	12300,44	12132,78	12292,86	23210
291	02.09.2020	12417,45	12439,48	12176,18	12420,54	23292
292	03.09.2020	12195,75	12235	11662,11	11771,37	23309
293	04.09.2020	11686,24	11846,18	11145,99	11622,13	23324
294	08.09.2020	11143,91	11400,46	11056,65	11068,26	22211
295	09.09.2020	11308,25	11480,37	11197,13	11395,85	23253
296	10.09.2020	11501,43	11566,34	11095,94	11152,96	22769
297	11.09.2020	11251,19	11280,41	10945,22	11087,4	22809
298	14.09.2020	11250,8	11363,25	11192,82	11277,76	23127
299	15.09.2020	11432,94	11495,4	11367,2	11438,87	23212
300	16.09.2020	11467,9	11486,09	11244,13	11247,6	23160
301	17.09.2020	10966,63	11160,04	10936,8	11080,95	23237
302	18.09.2020	11147,8	11153,97	10769,4	10936,98	23277
303	21.09.2020	10768,01	10983,42	10677,85	10980,22	23242
304	22.09.2020	11082,09	11207,08	10943,26	11186,37	23195
305	23.09.2020	11167,22	11179,59	10806,05	10833,33	23172
306	24.09.2020	10746,35	11026,43	10728,41	10896,47	23179
307	25.09.2020	10910,5	11177,73	10851,68	11151,13	23110
308	28.09.2020	11332,32	11368,54	11243,24	11364,45	23045
309	29.09.2020	11354,7	11396,22	11305,79	11322,95	23026
310	30.09.2020	11328,55	11535,01	11328,55	11418,06	23114
311	01.10.2020	11554,96	11606,73	11488,6	11583,2	22998
312	02.10.2020	11328,85	11479,08	11225,17	11255,69	22946
313	05.10.2020	11345,24	11511,63	11336,07	11509,06	22697
314	06.10.2020	11476,68	11536,42	11257,21	11291,27	22677
315	07.10.2020	11412,65	11519,55	11382,48	11503,19	22794
316	08.10.2020	11576,44	11582,78	11510,24	11550,94	22778
317	09.10.2020	11615,57	11727,6	11600,86	11725,85	22890
318	12.10.2020	11900,12	12204,75	11880,23	12087,1	23152
319	13.10.2020	12131,07	12187,78	12032,75	12083,17	23022
320	14.10.2020	12105,1	12159,21	11913,57	11985,36	22879
321	15.10.2020	11767,27	11928,63	11765,49	11898,57	22730
322	16.10.2020	11952,12	12034,13	11824,14	11852,17	22578
323	19.10.2020	11913,01	11962,47	11606,48	11634,35	22144
324	20.10.2020	11679,08	11801,39	11613,76	11677,84	22726
325	21.10.2020	11686,19	11789,46	11646,47	11665,37	22685
326	22.10.2020	11712,64	11739,22	11529,73	11662,91	22808
327	23.10.2020	11680,72	11693,01	11569,09	11692,57	22548
328	26.10.2020	11584,17	11708,08	11360,73	11504,52	22947
329	27.10.2020	11560,86	11633,49	11503,1	11598,95	22877
330	28.10.2020	11400,48	11426,1	11136,1	11143,2	22996
331	29.10.2020	11214,33	11467,37	11187,08	11350,74	23092
332	30.10.2020	11265,7	11293,76	10960,02	11052,95	23159
333	02.11.2020	11152,48	11222,52	10957,11	11079,35	22907
334	03.11.2020	11155,85	11356,08	11115,55	11276,57	22935
335	04.11.2020	11627,76	11846,46	11564,91	11776,29	23160
336	05.11.2020	12021,77	12117,04	11977,07	12085,85	22988
337	06.11.2020	12044,29	12116,36	11895,5	12091,81	22873
338	09.11.2020	12194,71	12268,66	11818,24	11828,05	23271
339	10.11.2020	11704,46	11761,95	11512,46	11630,57	23226
340	11.11.2020	11734,81	11904,13	11714,32	11892,3	23070
341	12.11.2020	11924,15	11976,89	11786,09	11824,85	22942
342	13.11.2020	11910,62	11957,09	11808,95	11937,84	22818
343	16.11.2020	11925,36	12035,5	11891,85	12017,25	23012
344	17.11.2020	12030,27	12047,13	11964,2	11979,06	22979
345	18.11.2020	11963,36	12027,15	11892,54	11893,03	23045
346	19.11.2020	11863,12	12000,29	11842,66	11988,89	22814
347	20.11.2020	11976	12017,42	11903,57	11906,44	22857
348	23.11.2020	11959,89	12001,83	11817,53	11905,94	22877
349	24.11.2020	11952,7	12094,16	11878,31	12079,74	23074
350	25.11.2020	12112,11	12174,99	12081,51	12152,89	22783
351	27.11.2020	12220,37	12306,71	12214,44	12258,21	12514
352	30.11.2020	12278,78	12299,61	12090,93	12281,49	23049
353	01.12.2020	12387,62	12510,02	12338,36	12450,8	23224
354	02.12.2020	12390,58	12472,25	12318,27	12456,41	22950
355	03.12.2020	12469,16	12538,92	12445,36	12466,93	22914
356	04.12.2020	12479,91	12531,21	12450,51	12525,98	22928
357	07.12.2020	12523,57	12610	12523,12	12596,47	22854
358	08.12.2020	12574,84	12651,35	12504,97	12635,72	22909
359	09.12.2020	12626,97	12643,24	12311,3	12360,75	23129
360	10.12.2020	12268,47	12447,85	12226,13	12402,23	22748
361	11.12.2020	12327,07	12378,61	12236,8	12375,47	22796
362	14.12.2020	12427,86	12544,31	12426,25	12455,61	22943
363	15.12.2020	12565,28	12595,64	12467,57	12595,33	23009
364	16.12.2020	12607,87	12698,11	12568,71	12668,14	22942
365	17.12.2020	12741,64	12760,97	12685,98	12752,37	22851
366	18.12.2020	12786,92	12793,47	12611,22	12714,23	22918
367	21.12.2020	12575,6	12706,44	12474,03	12690,31	22932
368	22.12.2020	12715,48	12761,23	12606,42	12716,29	22919
369	23.12.2020	12733,75	12737,59	12649,8	12653,14	22621
370	24.12.2020	12668,19	12732,55	12665,8	12711,01	12350
371	28.12.2020	12813,97	12861,91	12747,05	12838,86	22852
372	29.12.2020	12909,86	12925,53	12816,59	12843,49	22846
373	30.12.2020	12900,03	12917,45	12828,79	12845,36	22730
374	31.12.2020	12852,96	12904,09	12804,75	12889,48	22681
375	04.01.2021	12950,22	12950,22	12537,42	12696,66	23109
376	05.01.2021	12663,13	12809,67	12663,13	12802,38	22946
377	06.01.2021	12601,26	12803,29	12569,42	12623,24	23130
378	07.01.2021	12745,41	12966,68	12744,82	12939,57	23033
379	08.01.2021	13037,24	13113,09	12939,73	13105,21	23150
380	11.01.2021	12961,5	13023,21	12883,59	12907,34	23046
381	12.01.2021	12916,1	12957,43	12783,71	12892,53	23111
382	13.01.2021	12911,87	13008,85	12878,02	12973,64	23140
383	14.01.2021	13010,94	13037,05	12886,16	12901,74	23100
384	15.01.2021	12898,09	12941,29	12758,1	12803,53	23089
385	19.01.2021	12921,61	13012,09	12861,3	12996,79	23137
386	20.01.2021	13155,12	13332,26	13138,3	13295,96	23085
387	21.01.2021	13356,7	13433,69	13297,79	13404,98	23088
388	22.01.2021	13356,18	13404,77	13336,9	13365	23050
389	25.01.2021	13515,63	13563,7	13205,59	13483,29	23208
390	26.01.2021	13507,47	13536,3	13440,32	13490,19	23111
391	27.01.2021	13371,16	13393,51	13034,14	13116,3	23307
392	28.01.2021	13163,32	13401,85	13150,1	13201,53	23312
393	29.01.2021	13124,7	13167,87	12845,43	12918,25	23271
394	01.02.2021	13067,65	13280,22	12983,1	13246,58	23200
395	02.02.2021	13371,37	13501,23	13363,76	13460,09	23084
396	03.02.2021	13555,03	13561,45	13400,98	13400,98	23063
397	04.02.2021	13454,85	13562,73	13406,44	13561,29	23165
398	05.02.2021	13592,77	13642,96	13527,81	13604,61	23100
399	08.02.2021	13672,33	13698,41	13607,96	13694,88	23013
400	09.02.2021	13667,14	13741,79	13664,7	13685,99	22707
401	10.02.2021	13751,42	13770,91	13531,93	13656,69	22930
402	11.02.2021	13723,63	13747,2	13637,19	13739,94	22989
403	12.02.2021	13695,9	13816,25	13656,78	13808,95	22841
404	16.02.2021	13841,03	13879,77	13726,78	13776,47	22906
405	17.02.2021	13636,15	13713,14	13552,66	13699,53	22879
406	18.02.2021	13556,01	13669,94	13477,17	13633,96	22921
407	19.02.2021	13686,23	13701,69	13545,45	13580,7	23004
408	22.02.2021	13414,04	13447,37	13220,77	13227,37	23097
409	23.02.2021	12982,36	13259,85	12758,12	13194,58	23195
410	24.02.2021	13095,86	13312,43	12971,82	13308,19	23167
411	25.02.2021	13197,75	13294,56	12773,76	12827,09	23150
412	26.02.2021	12958,96	13090,36	12765,08	12917,09	23060
413	01.03.2021	13106,45	13293,78	13051,7	13284,64	23117
414	02.03.2021	13297,76	13301,62	13052,12	13060,11	23003
415	03.03.2021	13020,1	13057,29	12680,09	12682,58	23080
416	04.03.2021	12655,92	12799,08	12314,16	12470,94	23032
417	05.03.2021	12594,16	12700,96	12208,39	12665,67	23158
418	08.03.2021	12629,56	12718,58	12287,57	12294,91	23138
419	09.03.2021	12635,45	12868,52	12592,83	12787,33	23186
420	10.03.2021	12950,25	12979,38	12726,85	12752,07	23000
421	11.03.2021	12960,53	13117,86	12920,01	13052,99	23099
422	12.03.2021	12873,39	12943,58	12778,13	12938,76	22814
423	15.03.2021	12936,13	13085,01	12885,64	13082,54	22969
424	16.03.2021	13156,65	13297,48	13091,78	13152,28	23158
425	17.03.2021	13024,83	13280,29	12950,08	13202,38	23082
426	18.03.2021	13006,29	13040,36	12781,53	12789,14	23048
427	19.03.2021	12792,67	12906,02	12704,07	12866,99	23029
428	22.03.2021	12943,14	13167,46	12943,14	13086,51	23054
429	23.03.2021	13127,17	13180,66	12993,5	13017,79	22994
430	24.03.2021	13072,82	13077,49	12798,14	12798,88	23133
431	25.03.2021	12707,58	12845,66	12627,93	12780,51	23124
432	26.03.2021	12777,27	12992,3	12721,66	12979,12	23262
433	29.03.2021	12950,51	13013,47	12836,6	12965,74	23160
434	30.03.2021	12904,01	12929,46	12798,03	12896,53	22913
435	31.03.2021	12970,33	13167,06	12966,65	13091,44	23094
436	01.04.2021	13268,88	13333,41	13255,82	13329,52	23102
437	05.04.2021	13434,04	13623,6	13420,81	13598,16	23054
438	06.04.2021	13567,2	13660,29	13551,6	13578,46	22946
439	07.04.2021	13553,9	13648,8	13532,63	13616,7	22870
440	08.04.2021	13730,73	13763,18	13703,51	13758,51	22882
441	09.04.2021	13709,67	13849,31	13674,92	13845,06	22696
442	12.04.2021	13792,74	13839,39	13747,63	13819,35	23042
443	13.04.2021	13874,58	14002,53	13874,58	13986,49	22956
444	14.04.2021	13988,86	13990,54	13782,18	13803,91	22803
445	15.04.2021	13934,87	14040,11	13931,01	14026,19	23028
446	16.04.2021	14035,96	14050,38	13966,54	14041,91	22791
447	19.04.2021	13970,83	14025,64	13835,75	13907,67	22955
448	20.04.2021	13892,89	13934,89	13730,59	13809,3	22524
449	21.04.2021	13768,92	13939,7	13717,44	13935,15	22976
450	22.04.2021	13920,88	13954,03	13716,76	13762,36	23087
451	23.04.2021	13794,49	13989,43	13789,45	13941,44	22901
452	26.04.2021	13954,94	14039,4	13919,93	14026,16	22811
453	27.04.2021	14048,13	14048,34	13931,18	13960,28	22839
454	28.04.2021	13953,61	13992,08	13895,15	13901,62	23025
455	29.04.2021	14063,94	14073,48	13836,1	13970,2	23064
456	30.04.2021	13857,79	13969,21	13838,82	13860,76	22985
457	03.05.2021	13923,04	13955	13784,66	13799,72	23004
458	04.05.2021	13680,63	13705,38	13396,11	13544,7	23017
459	05.05.2021	13649,12	13676,86	13478,58	13503,37	23082
460	06.05.2021	13490,94	13617,34	13403,46	13613,73	23095
461	07.05.2021	13715,56	13814,65	13669,78	13719,63	23022
462	10.05.2021	13647,73	13648,49	13358,62	13359,08	23031
463	11.05.2021	13099,74	13381,66	13094,76	13351,27	22928
464	12.05.2021	13155,07	13236,89	12967,18	13001,63	22994
465	13.05.2021	13133,73	13226,64	13006,77	13109,15	22858
466	14.05.2021	13238,99	13430	13220,19	13393,12	22880
467	17.05.2021	13329,86	13350,14	13196,57	13312,91	22754
468	18.05.2021	13352,26	13400,52	13216,1	13217,68	22757
469	19.05.2021	12998,53	13241,71	12994,35	13237,91	22837
470	20.05.2021	13294,59	13526,01	13293,1	13494,09	22935
471	21.05.2021	13573,22	13573,84	13401,53	13411,74	22443
472	24.05.2021	13504,39	13687,61	13500,12	13641,75	22593
473	25.05.2021	13701,3	13734,41	13614,54	13657,73	22588
474	26.05.2021	13687,71	13726,06	13661,06	13702,74	22685
475	27.05.2021	13686,86	13724,76	13652,13	13657,85	22711
476	28.05.2021	13717	13765,8	13684,83	13686,51	22752
477	01.06.2021	13764,27	13773,45	13602,12	13654,59	22584
478	02.06.2021	13655,71	13712,68	13610,16	13675,79	22797
479	03.06.2021	13568,91	13608,54	13469,85	13529,68	22629
480	04.06.2021	13619,79	13784,77	13613,58	13770,77	22639
481	07.06.2021	13744,15	13808,42	13710,11	13802,89	22767
482	08.06.2021	13872,28	13913,4	13746,42	13810,86	22634
483	09.06.2021	13865,51	13900,71	13811,05	13814,94	22201
484	10.06.2021	13834,26	13962,98	13817,83	13960,35	22652
485	11.06.2021	13959,47	13998,65	13934	13998,3	22378
486	14.06.2021	14002,14	14129,33	13963,94	14128,2	22469
487	15.06.2021	14120,81	14126,26	14008,93	14031,36	22321
488	16.06.2021	14053,12	14100,11	13843,6	13983,01	22513
489	17.06.2021	13946,7	14205,43	13946,52	14163,81	22785
490	18.06.2021	14125,93	14140,62	14024,6	14049,58	22700
491	21.06.2021	14055,04	14150,91	13967,89	14137,23	22371
492	22.06.2021	14140,3	14288,49	14128,01	14270,42	22444
493	23.06.2021	14275,09	14324,74	14247,58	14274,24	22256
494	24.06.2021	14358,3	14429,14	14337,65	14365,96	22645
495	25.06.2021	14396,63	14401,71	14324,26	14345,18	22344
496	28.06.2021	14401,63	14530,07	14400,59	14524,98	22504
497	29.06.2021	14523,63	14575,19	14481,85	14572,75	22442
498	30.06.2021	14560,07	14582,3	14530,87	14554,8	22308
499	01.07.2021	14530,63	14576,64	14483,42	14560,05	22632
500	02.07.2021	14633,51	14738,14	14626,82	14727,63	22233
501	06.07.2021	14755,15	14797,45	14635,31	14786,36	22603
502	07.07.2021	14889,76	14891,19	14735,75	14810,54	22581
503	08.07.2021	14577,67	14763,67	14551,76	14722,14	22532
504	09.07.2021	14709,32	14838,72	14685,54	14826,09	22340
505	12.07.2021	14878,71	14899,46	14813,79	14877,89	22175
506	13.07.2021	14871,04	15002,28	14843,8	14874,54	22563
507	14.07.2021	14984,86	15001,13	14871,73	14900,44	22402
508	15.07.2021	14903,49	14907,51	14717,55	14794,69	22711
509	16.07.2021	14842,08	14875,97	14667,1	14681,38	22691
510	19.07.2021	14520,36	14578,96	14455,07	14549,09	22925
511	20.07.2021	14601,33	14790,6	14530,78	14728,21	23103
512	21.07.2021	14723,67	14843,17	14710,11	14842,63	22755
513	22.07.2021	14865,46	14941,38	14865,46	14940,17	22578
514	23.07.2021	15004,43	15125,84	14948,04	15111,79	22926
515	26.07.2021	15088,28	15142,35	15048,23	15125,95	22821
516	27.07.2021	15103,01	15107,74	14787,8	14956,97	23182
517	28.07.2021	15005,17	15078,85	14913,55	15018,1	23154
518	29.07.2021	15015,3	15091,96	15004,42	15048,36	23147
519	30.07.2021	14882,39	14990,86	14882,39	14959,9	22983
520	02.08.2021	15047,36	15059,89	14945,13	14963,62	22933
521	03.08.2021	14997,2	15063,56	14864,53	15061,42	23152
522	04.08.2021	15059,16	15117,38	15017,14	15083,39	23189
523	05.08.2021	15105,4	15184,27	15083,84	15181,64	22964
524	06.08.2021	15125,74	15162,34	15063,02	15109,36	22819
525	09.08.2021	15136,14	15154,68	15081,75	15133,11	22721
526	10.08.2021	15157,37	15169,45	15010,16	15053,58	22812
527	11.08.2021	15101,82	15127,78	14972,6	15027,76	22979
528	12.08.2021	15012,6	15097,91	14956,25	15088,98	22817
529	13.08.2021	15101,84	15150,48	15079,3	15136,68	22591
530	16.08.2021	15090,05	15142,03	14931,15	15140,77	22792
531	17.08.2021	15018,94	15062,7	14906,22	15002,83	22951
532	18.08.2021	14975,02	15039,9	14846,51	14857,92	22758
533	19.08.2021	14774,08	15000,19	14774,08	14933,94	23017
534	20.08.2021	14974,06	15103,94	14968,87	15092,57	22878
535	23.08.2021	15140,14	15341,47	15140,14	15312,63	22952
536	24.08.2021	15338,92	15384,42	15319,55	15357,68	22678
537	25.08.2021	15384,83	15404,36	15341,92	15368,92	22839
538	26.08.2021	15349,11	15369,28	15265,23	15278,52	22631
539	27.08.2021	15305,75	15447,03	15292,74	15432,95	22789
540	30.08.2021	15460,93	15620,62	15459,74	15605,09	22820
541	31.08.2021	15601,34	15604,45	15522,78	15582,51	22820
542	01.09.2021	15637,13	15696,42	15603,67	15611,57	22948
543	02.09.2021	15656,28	15681,76	15554,29	15604,25	22751
544	03.09.2021	15578,96	15668,12	15554,97	15652,86	22495
545	07.09.2021	15662,3	15701,4	15610,23	15675,76	22893
546	08.09.2021	15669,01	15669,01	15528,45	15620,85	22794
547	09.09.2021	15639,44	15675,46	15556,74	15561,05	22880
548	10.09.2021	15648,05	15673,5	15433,43	15440,75	22991
549	13.09.2021	15545,66	15562,28	15351,7	15434,5	22658
550	14.09.2021	15505,78	15525,97	15352,06	15382,9	22804
551	15.09.2021	15419,95	15518,95	15316,4	15503,53	22942
552	16.09.2021	15452,67	15539,14	15370,88	15515,91	22502
553	17.09.2021	15481,43	15485,21	15291,04	15333,47	22754
554	20.09.2021	15072,01	15157,26	14821,03	15012,19	22774
555	21.09.2021	15096,97	15139,9	14986,98	15027,77	22420
556	22.09.2021	15073,96	15230,34	15029,9	15176,51	22758
557	23.09.2021	15231,2	15356,92	15199,43	15316,58	22508
558	24.09.2021	15222,97	15345,54	15209,16	15329,68	22281
559	27.09.2021	15205,23	15240,58	15106,45	15204,82	22633
560	28.09.2021	15001,98	15040,57	14758,98	14770,52	22952
561	29.09.2021	14835,51	14914,92	14727,41	14753,24	22702
562	30.09.2021	14830,3	14888,22	14684,89	14689,62	22487
563	01.10.2021	14731,38	14830,84	14555,12	14791,87	22644
564	04.10.2021	14713,6	14727,55	14384,93	14472,12	22423
565	05.10.2021	14533,43	14763,64	14520,23	14674,15	22453
566	06.10.2021	14529,89	14775,64	14499,48	14766,75	22582
567	07.10.2021	14899,07	15010,32	14878,22	14897,13	22762
568	08.10.2021	14942,36	14948,35	14805,5	14820,75	21957
569	11.10.2021	14828,84	14907,57	14709,05	14713,73	21213
570	12.10.2021	14772,29	14784,78	14636,33	14662,11	22273
571	13.10.2021	14751,8	14800,83	14676,58	14774,6	22017
572	14.10.2021	14925,58	15059,89	14901,59	15052,42	22635
573	15.10.2021	15106,97	15150,14	15064,59	15146,92	22539
574	18.10.2021	15091,58	15307,51	15074,71	15300,89	22706
575	19.10.2021	15349,45	15414,97	15320,62	15410,72	22528
576	20.10.2021	15448	15457,11	15333,43	15388,71	22603
577	21.10.2021	15365,81	15497,58	15350,5	15489,59	22636
578	22.10.2021	15422,07	15474,28	15291,95	15355,07	22682
579	25.10.2021	15417,25	15555,65	15338,49	15514,19	22810
580	26.10.2021	15615,36	15710,79	15518,59	15559,49	23093
581	27.10.2021	15603,16	15729,75	15578,68	15598,39	23081
582	28.10.2021	15674,39	15784	15650,01	15778,16	23029
583	29.10.2021	15638,74	15856,9	15638,74	15850,47	23074
584	01.11.2021	15879,61	15910,35	15785,31	15905,28	23021
585	02.11.2021	15885,34	15988,33	15877,27	15972,49	22962
586	03.11.2021	16000,6	16157,6	15950,59	16144,5	22936
587	04.11.2021	16193,22	16387,95	16169,56	16346,24	23271
588	05.11.2021	16397,59	16454,48	16302,06	16359,38	23240
589	08.11.2021	16351,49	16401,93	16314	16335,58	23167
590	09.11.2021	16389,99	16401,89	16168,63	16219,94	23032
591	10.11.2021	16087,01	16224,51	15905,28	15984,09	23011
592	11.11.2021	16114,05	16116,25	16019,39	16031,83	22759
593	12.11.2021	16078,13	16218,55	16012,78	16199,89	22784
594	15.11.2021	16227,01	16256,73	16096,37	16191,05	22840
595	16.11.2021	16170,29	16329,5	16156,69	16306,79	23063
596	17.11.2021	16329,07	16398,95	16276,77	16311,83	22962
597	18.11.2021	16398,76	16501,92	16309,51	16483,33	23139
598	19.11.2021	16558,56	16625,86	16523,83	16574,46	23035
599	22.11.2021	16644,77	16764,86	16374,78	16381,03	23196
600	23.11.2021	16330,18	16417,5	16121,7	16314,19	23114
601	24.11.2021	16202,26	16369,79	16106,02	16367,41	22723
602	26.11.2021	16237,41	16302,58	15988,95	16025,58	12487
603	29.11.2021	16263,43	16437,16	16214,56	16397,66	22998
604	30.11.2021	16333,95	16454,56	16073,76	16146,04	22881
605	01.12.2021	16347,96	16427,19	15864,44	15868,56	23165
606	02.12.2021	15791,3	16066,32	15770,92	15997,59	22818
607	03.12.2021	16039,41	16089,61	15543,31	15717,58	22883
608	06.12.2021	15744,91	15898,59	15557,78	15846,16	23008
609	07.12.2021	16139,56	16343,67	16128,44	16326,95	23119
610	08.12.2021	16313,88	16401,1	16250,39	16393,91	23044
611	09.12.2021	16337,81	16413,28	16141,69	16149,57	22906
612	10.12.2021	16278,3	16339,12	16139	16329,44	22872
613	13.12.2021	16317,9	16332,63	16075,82	16085,3	22959
614	14.12.2021	15877,65	15995,21	15742,8	15919,07	22902
615	15.12.2021	15908,45	16301,27	15746,94	16284,75	22808
616	16.12.2021	16335,03	16340,53	15802,63	15867,27	23087
617	17.12.2021	15714,54	15960,25	15664,1	15797,12	22872
618	20.12.2021	15566,83	15662,61	15508,74	15623,1	22644
619	21.12.2021	15794,38	15997,61	15617,48	15993,29	23089
620	22.12.2021	15963,54	16186,25	15947,56	16179,47	22728
621	23.12.2021	16203,76	16360,75	16188,03	16304,9	22657
622	27.12.2021	16361,07	16567,64	16361,07	16567,5	22672
623	28.12.2021	16602,92	16607,19	16458,49	16486,68	22256
624	29.12.2021	16510,63	16548,92	16396,16	16490,2	22318
625	30.12.2021	16485,4	16569,62	16415,12	16436,09	22441
626	31.12.2021	16411,26	16464,62	16317,26	16321,39	21835
627	03.01.2022	16395,51	16504,14	16306,64	16496,56	22943
628	04.01.2022	16513,87	16513,87	16151,9	16277,77	23127
629	05.01.2022	16190,55	16249,23	15764,91	15775,04	23061
630	06.01.2022	15675,22	15900,6	15608,57	15767,14	22942
631	07.01.2022	15774,13	15835	15526,8	15585,94	23030
632	10.01.2022	15383,18	15627,78	15165,53	15614,06	23125
633	11.01.2022	15582,72	15847,27	15496,91	15845,73	23078
634	12.01.2022	15955,48	16017,39	15815,95	15903,74	22816
635	13.01.2022	15970,09	15990,38	15468,09	15500,35	23014
636	14.01.2022	15396,47	15617,18	15396,47	15607,94	22920
637	18.01.2022	15378,06	15446,3	15182,96	15214,23	23031
638	19.01.2022	15287,25	15382	15038,44	15046,96	23011
639	20.01.2022	15176,38	15347,62	14832,69	14846,12	23015
640	21.01.2022	14728,66	14868,45	14432,81	14432,81	22849
641	24.01.2022	14160,91	14532,57	13724,85	14516,55	21805
642	25.01.2022	14237,6	14410,43	14033,81	14142,62	22378
643	26.01.2022	14492,52	14646,54	14006,4	14180,94	21990
644	27.01.2022	14346,46	14419,45	13972,88	13998,89	22700
645	28.01.2022	14091,31	14454,76	13880,48	14451,05	22660
646	31.01.2022	14505,07	14934,52	14442,88	14933,61	22805
647	01.02.2022	14966,6	15034,26	14749,49	15013,49	22711
648	02.02.2022	15173,03	15196,4	14960,85	15135,37	23050
649	03.02.2022	14693,85	14856,51	14471,2	14497,19	22929
650	04.02.2022	14566,28	14832,05	14452,28	14690,35	22950
651	07.02.2022	14716,43	14813,86	14524,63	14571,08	22784
652	08.02.2022	14533,25	14785,22	14485,78	14743,16	22993
653	09.02.2022	14930,99	15057,9	14870,36	15057,9	23053
654	10.02.2022	14770,68	15037,26	14636,71	14705,75	22766
655	11.02.2022	14739,46	14769,64	14194,54	14246,5	22494
656	14.02.2022	14233,4	14400,78	14119,73	14269,9	22964
657	15.02.2022	14482,11	14624,53	14444,46	14620,83	22870
658	16.02.2022	14514,84	14647,79	14399,29	14604,26	22840
659	17.02.2022	14485,08	14497,46	14155,43	14171,82	22911
660	18.02.2022	14207,55	14225,72	13918,76	14001,44	22937
661	22.02.2022	13892,81	14109,26	13720,92	13872,13	22873
662	23.02.2022	14016,94	14035,93	13502,65	13513,12	22838
663	24.02.2022	13065,44	13989,1	13065,44	13963,41	22150
664	25.02.2022	13973,9	14193	13850,29	14190,83	22752
665	28.02.2022	14058,61	14296,6	14009,36	14226,29	22676
666	01.03.2022	14197,66	14271,54	13907,94	14007,42	22673
667	02.03.2022	14075,11	14292,72	13962,69	14242,07	22552
668	03.03.2022	14330,64	14341,12	13965,2	14036,45	22670
669	04.03.2022	13957,6	13992,97	13738,61	13837,76	22758
670	07.03.2022	13853,53	13879,1	13314,44	13315,48	22715
671	08.03.2022	13275,23	13663,27	13129,4	13265,38	22615
672	09.03.2022	13610,48	13793,11	13504,48	13737,06	22903
673	10.03.2022	13577,84	13633,69	13399,46	13590,79	22884
674	11.03.2022	13701,8	13714,44	13285,19	13301,81	22886
675	14.03.2022	13248,09	13386,67	13020,4	13046,64	22795
676	15.03.2022	13174,97	13488,18	13092,45	13458,56	22930
677	16.03.2022	13633,12	13960,25	13475,09	13956,79	23080
678	17.03.2022	13878,99	14118,6	13827,34	14118,6	22982
679	18.03.2022	14061,29	14427,34	14014,43	14420,08	23162
680	21.03.2022	14377,15	14470,68	14190,53	14376,09	22849
681	22.03.2022	14396,03	14688,97	14385,55	14654,33	23054
682	23.03.2022	14525,22	14681,33	14446,04	14447,55	23073
683	24.03.2022	14529,72	14767,73	14440,67	14765,69	22978
684	25.03.2022	14766,9	14805,88	14577,59	14754,31	22815
685	28.03.2022	14763,16	14989,08	14705,92	14987,4	22682
686	29.03.2022	15142,93	15265,42	15039,61	15239,32	22820
687	30.03.2022	15177,15	15229,01	15010,34	15071,55	22931
688	31.03.2022	15074,23	15088,38	14835,16	14838,49	22783
689	01.04.2022	14886,91	14925,93	14723,83	14861,21	22936
690	04.04.2022	14903,38	15161,78	14884,57	15159,58	22934
691	05.04.2022	15109,27	15120,67	14782,75	14820,64	22953
692	06.04.2022	14600,3	14639,35	14395,4	14498,89	23042
693	07.04.2022	14469,5	14624,24	14315,69	14531,81	22926
694	08.04.2022	14450,53	14490,19	14308,15	14327,26	22812
695	11.04.2022	14149,6	14187,67	13979,14	13990,21	22863
696	12.04.2022	14175,66	14264,74	13882,75	13940,24	22752
697	13.04.2022	13939,61	14258,81	13919,48	14217,29	22849
698	14.04.2022	14225,47	14235,39	13884,82	13893,21	22759
699	18.04.2022	13859,47	13997,93	13788,96	13910,76	22604
700	19.04.2022	13876,44	14236,51	13845,2	14210,26	21333
701	20.04.2022	14246,2	14263,61	13962,86	13998,53	22831
702	21.04.2022	14174,92	14277,21	13682,68	13720,45	23013
703	22.04.2022	13714,63	13769,4	13342,79	13356,87	22857
704	25.04.2022	13275,41	13541,77	13239,73	13533,22	22886
705	26.04.2022	13447,66	13447,66	13012,03	13013,28	22845
706	27.04.2022	13009,4	13241,94	12936,41	13003,36	22978
707	28.04.2022	13254,96	13542,56	13038,17	13460,56	23159
708	29.04.2022	13274,94	13428,53	12835,48	12854,8	23059
709	02.05.2022	12864,83	13083,57	12716,63	13076,53	22977
710	03.05.2022	13045,35	13178,74	12982,7	13090,55	22913
711	04.05.2022	13110,3	13556,67	12887,53	13535,71	22952
712	05.05.2022	13344,79	13344,79	12710,59	12852,56	22892
713	06.05.2022	12776,86	12926,58	12522,77	12693,53	22897
714	09.05.2022	12465,91	12542,32	12136,19	12187,72	22510
715	10.05.2022	12496,84	12537,89	12173,47	12345,86	22588
716	11.05.2022	12240,21	12470,89	11939,09	11967,56	22681
717	12.05.2022	11790,13	12128,73	11692,12	11945,5	22363
718	13.05.2022	12125,93	12429,28	12069,13	12387,4	22853
719	16.05.2022	12297,07	12395,51	12196,21	12243,58	22922
720	17.05.2022	12496,63	12572,99	12333,99	12564,1	22971
721	18.05.2022	12352,92	12389,96	11887	11928,31	22733
722	19.05.2022	11872,56	12066,85	11795,79	11875,63	22856
723	20.05.2022	12037,03	12044,7	11492,29	11835,62	23035
724	23.05.2022	11867,08	12047,81	11786,61	12034,28	22787
725	24.05.2022	11807,78	11842,81	11576,11	11769,84	22836
726	25.05.2022	11732,45	12028,89	11714,27	11944,2	22761
727	26.05.2022	11906,83	12337,73	11901,87	12274,4	23130
728	27.05.2022	12421,8	12682,58	12405,29	12681,42	23073
729	31.05.2022	12688,95	12762,84	12482,32	12642,1	22812
730	01.06.2022	12750,31	12820,47	12457,91	12548,36	22781
731	02.06.2022	12498,63	12897,63	12447,77	12892,89	23100
732	03.06.2022	12650,38	12724,81	12505,76	12548,03	22600
733	06.06.2022	12745,89	12804,46	12534,58	12599,63	22943
734	07.06.2022	12456,49	12737,3	12413,56	12711,68	22619
735	08.06.2022	12682,81	12776,65	12578,55	12615,13	22850
736	09.06.2022	12543,37	12666,41	12267,32	12269,78	22766
737	10.06.2022	12052,59	12082,69	11825,35	11832,82	22912
738	13.06.2022	11472,19	11568,65	11254,19	11288,32	22863
739	14.06.2022	11385,18	11418,22	11205,92	11311,69	22731
740	15.06.2022	11468,13	11750,49	11346,54	11593,77	22353
741	16.06.2022	11286,87	11311,05	11037,21	11127,57	22829
742	17.06.2022	11172,65	11357,97	11089,93	11265,99	22869
743	21.06.2022	11446,98	11638,47	11446,98	11546,76	22953
744	22.06.2022	11427,74	11708,08	11423,2	11527,71	22785
745	23.06.2022	11622,09	11729,62	11515,48	11697,68	22900
746	24.06.2022	11826,95	12112,82	11812,18	12105,85	22796
747	27.06.2022	12157,93	12175,98	11965,67	12008,24	23301
748	28.06.2022	12021,34	12133,87	11633,13	11637,77	22873
749	29.06.2022	11619,01	11710,21	11537,72	11658,26	22464
750	30.06.2022	11532,32	11650,96	11322,86	11503,7	22706
751	01.07.2022	11472,63	11591,05	11379,02	11585,68	22719
752	05.07.2022	11419,34	11781,45	11366,07	11779,9	22804
753	06.07.2022	11807,08	11941,31	11727,36	11852,59	22443
754	07.07.2022	11913,73	12137,71	11897,51	12109,05	22806
755	08.07.2022	11977,95	12179,32	11956,03	12125,69	22578
756	11.07.2022	12008,76	12026,06	11830,89	11860,28	22404
757	12.07.2022	11926,84	11990,44	11684,02	11744,99	22571
758	13.07.2022	11523,91	11819,69	11498,96	11728,53	22369
759	14.07.2022	11637,18	11801,11	11488,27	11768,4	22705
760	15.07.2022	11896,15	11987,52	11828,13	11983,62	22799
761	18.07.2022	12089,68	12156,09	11838,18	11877,32	23019
762	19.07.2022	12046,69	12258,37	11967,92	12249,42	23023
763	20.07.2022	12269,07	12488,39	12232,2	12439,68	23021
764	21.07.2022	12466,13	12619,79	12351,42	12619,41	22881
765	22.07.2022	12575,76	12662,28	12322,82	12396,47	22803
766	25.07.2022	12391,21	12415,59	12244,4	12328,4	22681
767	26.07.2022	12248,21	12259,01	12051,21	12086,9	22998
768	27.07.2022	12299,34	12660,77	12256,94	12601,47	22833
769	28.07.2022	12580,61	12741,83	12433,62	12717,87	23010
770	29.07.2022	12784,2	12981,47	12726,25	12947,97	23098
771	01.08.2022	12877,04	13084,4	12833,16	12940,78	22886
772	02.08.2022	12853,04	13073,27	12809,01	12901,6	22958
773	03.08.2022	12983,58	13289,19	12974,85	13253,26	23141
774	04.08.2022	13253,77	13326,72	13170,44	13311,04	22974
775	05.08.2022	13107,45	13286,02	13070,36	13207,69	22970
776	08.08.2022	13227,09	13394,54	13103,8	13159,16	22958
777	09.08.2022	13064,24	13095,7	12945,6	13008,17	23063
778	10.08.2022	13330,66	13384,24	13220,05	13378,32	22859
779	11.08.2022	13471,03	13555,38	13271,35	13291,99	22763
780	12.08.2022	13384,65	13565,87	13341,65	13565,87	22723
781	15.08.2022	13529,66	13685,65	13524,53	13667,9	22670
782	16.08.2022	13617,66	13720,91	13508,47	13635,21	22860
783	17.08.2022	13499,24	13591,58	13389,82	13470,86	22770
784	18.08.2022	13474,24	13553,28	13405,74	13505,99	22819
785	19.08.2022	13370,25	13402,61	13210,82	13242,9	22715
786	22.08.2022	13056,39	13073,07	12859,82	12890,54	22750
787	23.08.2022	12885,28	13000,71	12852,7	12881,79	22731
788	24.08.2022	12876,23	12995,14	12843,58	12917,86	22648
789	25.08.2022	12984,74	13146,84	12951,61	13143,58	22793
790	26.08.2022	13129,91	13173,76	12603,41	12605,17	22893
791	29.08.2022	12488,46	12594,34	12440,4	12484,32	22863
792	30.08.2022	12562,4	12572,88	12240,82	12342,7	22701
793	31.08.2022	12448,07	12502,15	12268,08	12272,03	22732
794	01.09.2022	12158,88	12289,77	12012,98	12274,62	23161
795	02.09.2022	12392,46	12451,28	12035,53	12098,44	22905
796	06.09.2022	12106,57	12152,42	11928,81	12011,31	22750
797	07.09.2022	12038,18	12298,12	12027,07	12259,39	22918
798	08.09.2022	12139,57	12374,13	12120,26	12321,19	22741
799	09.09.2022	12424,15	12610,43	12424,15	12588,29	22927
800	12.09.2022	12649,23	12752,83	12639,76	12739,72	22928
801	13.09.2022	12364,83	12420,01	12004,66	12033,62	22747
802	14.09.2022	12092,03	12170,25	12016,43	12134,4	22900
803	15.09.2022	12034,43	12153,34	11867,88	11927,49	22692
804	16.09.2022	11775,94	11875,09	11710,26	11861,38	22958
805	19.09.2022	11753,6	11956,79	11752,43	11953,27	22748
806	20.09.2022	11855,84	11951,13	11761,69	11851,54	22838
807	21.09.2022	11892,72	12062,52	11636,25	11637,79	22405
808	22.09.2022	11574,32	11617,59	11448,86	11501,65	22898
809	23.09.2022	11398,75	11402,41	11169,66	11311,24	22810
810	26.09.2022	11283,14	11473,36	11235,74	11254,03	22870
811	27.09.2022	11411,34	11502,38	11175,29	11271,73	22678
812	28.09.2022	11258,74	11546,87	11210,81	11493,83	22794
813	29.09.2022	11334,57	11339,91	11038,94	11164,78	22723
814	30.09.2022	11123,11	11296,16	10966,95	10971,22	22744
815	03.10.2022	11059,17	11296,43	10985,01	11229,73	22885
816	04.10.2022	11477,85	11609,25	11462,37	11582,54	22986
817	05.10.2022	11429,47	11647,62	11312,52	11573,18	22776
818	06.10.2022	11556,4	11660,55	11472,83	11485,5	22799
819	07.10.2022	11272,46	11293,65	10991,66	11039,47	22997
820	10.10.2022	11048,51	11063,21	10824,25	10926,97	22859
821	11.10.2022	10865,32	10981,91	10716,33	10791,35	23025
822	12.10.2022	10810,3	10886,49	10754,85	10785,6	22870
823	13.10.2022	10481,58	11087,66	10440,64	11033,58	22821
824	14.10.2022	11130,08	11152,89	10677,48	10692,06	22690
825	17.10.2022	10967,25	11090,87	10959,74	11062,53	22926
826	18.10.2022	11368,76	11374,38	11036,7	11147,74	22746
827	19.10.2022	11081,82	11231,46	11008,11	11103,38	22875
828	20.10.2022	11081,22	11279,81	11001,28	11046,71	22976
829	21.10.2022	10998,17	11327,77	10962,01	11310,33	22982
830	24.10.2022	11321,11	11468,18	11166,49	11430,29	23000
831	25.10.2022	11482,87	11681,85	11480,41	11669,99	23061
832	26.10.2022	11409,8	11657,06	11388,3	11405,9	23007
833	27.10.2022	11387,71	11417,04	11179,9	11191,63	23048
834	28.10.2022	11176,99	11563,16	11176,99	11546,21	23098
835	31.10.2022	11465,21	11482,99	11331,26	11405,57	22976
836	01.11.2022	11571,53	11574,39	11278,28	11288,73	23002
837	02.11.2022	11300,27	11410,91	10903,48	10906,34	22544
838	03.11.2022	10769,43	10852,18	10680,83	10690,6	23082
839	04.11.2022	10911,98	10934,62	10632,39	10857,03	22996
840	07.11.2022	10900,83	11001,16	10817,59	10978,47	22959
841	08.11.2022	11039,58	11191,9	10897,53	11059,5	23107
842	09.11.2022	10971,43	11012,66	10790,35	10797,89	23081
843	10.11.2022	11350,42	11612,1	11235,74	11601,46	23071
844	11.11.2022	11604,36	11840,07	11535,56	11815,86	23204
845	14.11.2022	11728,11	11863,82	11669,1	11700,9	23054
846	15.11.2022	12006,45	12024,95	11735,4	11871,84	22903
847	16.11.2022	11767,42	11796,99	11673,14	11699,1	22812
848	17.11.2022	11521,64	11737,61	11519,38	11676,9	23063
849	18.11.2022	11791,85	11794,68	11579,64	11679,37	22898
850	21.11.2022	11623,35	11664,94	11524,44	11553,61	23019
851	22.11.2022	11590,83	11731,75	11503,34	11725,91	22745
852	23.11.2022	11725,08	11866,42	11722,01	11838,71	22699
853	25.11.2022	11777,33	11803,91	11748,79	11756,03	12296
854	28.11.2022	11684,07	11764,83	11555,26	11587,89	22639
855	29.11.2022	11590,3	11613,33	11450,34	11503,5	22734
856	30.11.2022	11505,74	12031,3	11481,89	12030,1	22978
857	01.12.2022	12030,24	12113,81	11928,66	12042,33	22840
858	02.12.2022	11845,53	12027,62	11825,53	11994,3	22858
859	05.12.2022	11899,54	11957,36	11732,15	11786,8	22950
860	06.12.2022	11775,2	11790,93	11488,6	11549,7	23023
861	07.12.2022	11490,99	11577,69	11431,98	11496,86	22794
862	08.12.2022	11543,68	11672,14	11470,68	11637,5	22996
863	09.12.2022	11594,38	11707,09	11550,31	11562,77	22842
864	12.12.2022	11572,26	11707,7	11529,41	11706,4	23059
865	13.12.2022	12141,24	12166,41	11727,2	11834,28	22922
866	14.12.2022	11824,54	11941,28	11617,91	11740,58	22833
867	15.12.2022	11573,38	11591,33	11300,35	11345,2	23096
868	16.12.2022	11313,64	11383,39	11175,54	11243,7	23066
869	19.12.2022	11243	11251,6	11029,77	11085,09	23062
870	20.12.2022	11023,47	11143,62	10967,07	11072,4	23048
871	21.12.2022	11110,65	11285,78	11083,36	11235,9	22932
872	22.12.2022	11099,36	11114,23	10784,02	10956,1	23159
873	23.12.2022	10911,04	11007,09	10830,9	10985,74	22667
874	27.12.2022	10944,3	10957,44	10807,61	10822,65	22871
875	28.12.2022	10807,12	10898,64	10671,19	10679,3	22935
876	29.12.2022	10800,8	10981,06	10776,62	10951	22889
877	30.12.2022	10835,59	10942,9	10778,64	10939,8	22545
878	03.01.2023	11038,42	11093,1	10770,93	10862,6	22970
879	04.01.2023	10949,34	10981,46	10786,29	10916,13	23091
880	05.01.2023	10837,25	10842,33	10728,26	10741,2	22944
881	06.01.2023	10807,46	11082,59	10696,42	11040,4	23116
882	09.01.2023	11133,07	11304,84	11085,32	11108,4	23021
883	10.01.2023	11069,05	11207,6	11050,68	11205,8	22864
884	11.01.2023	11259,16	11403,89	11220,75	11402,48	23008
885	12.01.2023	11441,45	11500,86	11246,02	11459,6	22992
886	13.01.2023	11362,13	11547,96	11347,6	11539,72	22814
887	17.01.2023	11531,54	11615,95	11484,02	11557,2	22927
888	18.01.2023	11636,61	11690,27	11403,31	11410,3	22937
889	19.01.2023	11345,19	11388,46	11251,94	11295,7	22906
890	20.01.2023	11363,85	11623,2	11329,54	11619	22965
891	23.01.2023	11652	11918,86	11617,83	11872,18	23049
892	24.01.2023	11802,95	11889,37	11780,07	11848,12	23016
893	25.01.2023	11636,01	11841,81	11550,07	11814,69	22979
894	26.01.2023	11972,57	12055,81	11853,37	12051,54	22985
895	27.01.2023	12000,21	12248,15	11999,87	12166,05	23271
896	30.01.2023	12047,16	12087,68	11906,11	11912,68	22989
897	31.01.2023	11915,94	12103,5	11915,94	12101,9	22852
898	01.02.2023	12087,92	12458,87	12011,01	12363,1	22950
899	02.02.2023	12655,18	12880,98	12602,85	12803,92	23243
900	03.02.2023	12520,95	12828,71	12520,95	12573,11	23210
901	06.02.2023	12468,8	12558,87	12411,88	12464,72	23117
902	07.02.2023	12474,95	12771,59	12419,71	12728,18	23120
903	08.02.2023	12680,03	12709,45	12471,12	12495,83	23163
904	09.02.2023	12677,54	12679,54	12327,44	12381,2	23209
905	10.02.2023	12306,59	12375,72	12204,21	12304,98	23154
906	13.02.2023	12356,5	12522,78	12313,45	12502,32	23145
907	14.02.2023	12413,1	12627,4	12356,32	12589,51	22966
908	15.02.2023	12531,6	12689,34	12486,42	12688,17	23096
909	16.02.2023	12495,07	12653,4	12440	12442,5	22745
910	17.02.2023	12352,3	12385,52	12233,79	12358,16	23090
911	21.02.2023	12205,21	12257,06	12058,23	12060,69	23094
912	22.02.2023	12085,7	12156,2	12006	12066,3	23111
913	23.02.2023	12224,4	12227,4	12003,3	12180,1	23187
914	24.02.2023	11979,8	12018,3	11900,8	11969,7	23059
915	27.02.2023	12106,8	12159,6	12034,6	12057,8	22990
916	28.02.2023	12041,7	12146,5	12021,3	12042,1	23103
917	01.03.2023	12026,7	12054,5	11906,6	11938,6	23067
918	02.03.2023	11830,1	12074,6	11830,1	12044,9	23096
919	03.03.2023	12110,7	12300,5	12095,2	12290,8	23181
920	06.03.2023	12344,6	12466,9	12297,6	12302,5	23123
921	07.03.2023	12303,2	12344	12130	12152,2	23075
922	08.03.2023	12181,1	12237,7	12102,3	12215,3	22980
923	09.03.2023	12230,8	12340,4	11970,3	11995,9	23127
924	10.03.2023	12001,7	12069,6	11789,9	11830,3	23234
925	13.03.2023	11752,1	12074	11695,4	11923,2	23197
926	14.03.2023	12078,5	12217,9	12035,2	12199,8	23117
927	15.03.2023	12083,2	12269,4	12026,2	12251,3	23276
928	16.03.2023	12211,9	12595,7	12190,7	12581,4	23284
929	17.03.2023	12570,2	12674,3	12444,1	12519,9	23227
930	20.03.2023	12487,79	12578,35	12407,82	12562,61	23044
931	21.03.2023	12643,35	12762,45	12582,76	12741,44	23126
932	22.03.2023	12742,41	12943,62	12563,78	12567,15	22906
933	23.03.2023	12735,6	12900,1	12611,67	12729,23	23041
934	24.03.2023	12700,51	12770,28	12608,15	12767,05	22961
935	27.03.2023	12797,9	12839,42	12647,94	12673,07	22885
936	28.03.2023	12654,91	12654,91	12517,87	12610,57	22988
937	29.03.2023	12768,14	12865,92	12734,68	12846,03	22989
938	30.03.2023	12934,99	12987,97	12894,14	12963,14	22875
939	31.03.2023	12968,96	13188,62	12968	13181,35	23029
940	03.04.2023	13084,1	13157,47	13036,55	13148,35	23036
941	04.04.2023	13165,32	13204,08	13049,98	13100,08	22742
942	05.04.2023	13056,79	13065,28	12894,44	12967,2	22976
943	06.04.2023	12892,9	13078,1	12846,03	13062,6	22973
944	10.04.2023	12936,52	13051,85	12861,52	13051,23	22792
945	11.04.2023	13040,49	13049,56	12947,66	12964,15	22749
946	12.04.2023	13043,97	13071,98	12833,31	12848,35	22772
947	13.04.2023	12922,9	13124,41	12920,02	13109,39	22814
948	14.04.2023	13044,69	13152,28	12962,51	13079,52	22776
949	17.04.2023	13053,26	13105,68	12981,26	13087,71	22506
950	18.04.2023	13180,31	13196,18	13044,21	13091,79	22484
951	19.04.2023	12992,51	13128,25	12988,2	13089,06	22745
952	20.04.2023	12962,29	13107,92	12933,8	12985,98	22915
953	21.04.2023	12970,32	13030,85	12899,64	13000,8	22695
954	24.04.2023	12981,71	13044,22	12883,77	12969,76	22828
955	25.04.2023	12905,09	12933,28	12724,24	12725,11	23008
956	26.04.2023	12866,64	12929,62	12783,42	12806,48	23103
957	27.04.2023	12963,21	13175,62	12938,5	13160,03	23181
958	28.04.2023	13139,35	13247,4	13096,94	13246	23023
959	01.05.2023	13229,11	13287,47	13186,4	13231,47	22866
960	02.05.2023	13225,95	13241,99	13047,26	13114,16	22819
961	03.05.2023	13123,56	13232,16	13026,46	13030,66	23162
962	04.05.2023	13014,56	13064,46	12938,95	12982,95	23132
963	05.05.2023	13071,16	13291,57	13060,36	13259,56	23172
964	08.05.2023	13247,56	13302,87	13193,56	13292,07	23036
965	09.05.2023	13229,06	13255,26	13194,36	13201,56	22928
966	10.05.2023	13308,87	13384,87	13205,26	13348,27	23166
967	11.05.2023	13377,37	13412,17	13306,57	13390,27	22939
968	12.05.2023	13407,47	13427,87	13257,06	13340,67	23010
969	15.05.2023	13352,77	13420,27	13298,27	13413,97	22947
970	16.05.2023	13385,87	13498,87	13385,27	13426,47	23054
971	17.05.2023	13474,97	13608,78	13419,77	13589,78	23110
972	18.05.2023	13609,38	13845,28	13607,28	13835,08	23207
973	19.05.2023	13843,18	13874,89	13764,38	13803,98	22971
974	22.05.2023	13805,78	13894,19	13793,48	13850,23	23021
975	23.05.2023	13774,16	13827,59	13663,39	13673,02	23110
976	24.05.2023	13589,49	13656,21	13521,39	13604,96	22872
977	25.05.2023	13921,37	13987,36	13812,67	13939,02	23134
978	26.05.2023	13991,04	14329,99	13982,65	14298,91	23198
979	30.05.2023	14466,09	14520,68	14301,58	14355,49	23164
980	31.05.2023	14294,06	14375,88	14216,65	14254,59	23106
981	01.06.2023	14269,59	14493,82	14220,43	14442,02	23183
982	02.06.2023	14517,59	14596,32	14442,66	14547,15	23072
983	05.06.2023	14550,64	14663,46	14517,39	14557,01	23158
984	06.06.2023	14526,61	14594,01	14477,5	14558,61	23100
985	07.06.2023	14573,78	14648,42	14284,38	14303,79	23166
986	08.06.2023	14319,74	14503,82	14315,2	14485,05	23056
987	09.06.2023	14574,75	14673,37	14487,98	14528,87	23045
988	12.06.2023	14617,86	14789,66	14571,87	14784,82	23069
989	13.06.2023	14911,78	14932,35	14770,65	14901,37	23112
990	14.06.2023	14894,62	15017,63	14785,14	15006,23	23068
991	15.06.2023	14950,22	15247,15	14930,64	15186,01	23087
992	16.06.2023	15273,18	15285,19	15076,12	15084,43	23069
993	20.06.2023	15037,01	15127,95	14947,25	15070,68	23025
994	21.06.2023	15019,54	15039,43	14826,54	14867,97	23068
995	22.06.2023	14798,41	15044,75	14795,47	15042,26	22942
996	23.06.2023	14879,75	14984,26	14822,33	14892	23054
997	26.06.2023	14867,18	14983,34	14687,93	14689,54	23046
998	27.06.2023	14752,09	14972,84	14727,26	14945,94	23114
999	28.06.2023	14876,77	15051,6	14866,33	14965,1	23000
1000	29.06.2023	14966,07	14987,41	14877,46	14940,47	22891
1001	30.06.2023	15085,77	15214,28	15082,09	15179,74	22855
1002	03.07.2023	15191,07	15233,49	15154,13	15209,23	12522
1003	05.07.2023	15165,89	15275,72	15163,19	15204,31	22794
1004	06.07.2023	15054,63	15106,98	14969,67	15089,98	22751
1005	07.07.2023	15071,03	15211,16	15033,09	15037,96	22786
1006	10.07.2023	15032,47	15066,96	14925,16	15046,17	23078
1007	11.07.2023	15068,66	15135,82	14974,68	15119,59	22997
1008	12.07.2023	15279,89	15364,63	15210,24	15307,74	23041
1009	13.07.2023	15433,02	15603,29	15421,25	15572,52	23106
1010	14.07.2023	15610,55	15720,61	15531,54	15566,14	23077
1011	17.07.2023	15608,83	15746,22	15577,06	15713,83	22983
1012	18.07.2023	15672,27	15896,23	15608,26	15841,91	23147
1013	19.07.2023	15888,71	15932,61	15782,51	15826,91	23140
1014	20.07.2023	15718,22	15772,4	15430,41	15466,63	23209
1015	21.07.2023	15555,5	15601,08	15411,1	15426,24	23178
1016	24.07.2023	15475,69	15505,21	15375,19	15448,54	23012
1017	25.07.2023	15483,61	15623,23	15482,58	15561,96	23011
1018	26.07.2023	15514,58	15571,7	15412,44	15499,81	22991
1019	27.07.2023	15734,58	15796,07	15416,59	15465,81	23185
1020	28.07.2023	15630,72	15787,95	15618,29	15751,48	23112
1021	31.07.2023	15774,85	15804,1	15703,29	15757,55	22911
1022	01.08.2023	15697,53	15748,98	15637,11	15718,55	22854
1023	02.08.2023	15561,69	15561,9	15321,97	15371,28	23073
1024	03.08.2023	15288,31	15437,13	15271,26	15354,08	23043
1025	04.08.2023	15421,28	15523,86	15259,22	15275,45	23156
1026	07.08.2023	15356,16	15411,39	15259,45	15408,39	23039
1027	08.08.2023	15279,95	15296,33	15148,78	15273,09	22998
1028	09.08.2023	15287,52	15289,3	15078,53	15102,23	22879
1029	10.08.2023	15217,83	15366,67	15073,02	15129,37	22756
1030	11.08.2023	15011,05	15103,06	14974,19	15028,6	22703
1031	14.08.2023	14988,94	15206,8	14972,53	15206,12	22570
1032	15.08.2023	15172,61	15193,42	15014,89	15038,17	22578
1033	16.08.2023	15022,16	15077,58	14874,54	14876,99	22747
1034	17.08.2023	14943,86	14950,11	14698,8	14716,33	22894
1035	18.08.2023	14590,22	14745,04	14558,34	14695,35	22900
1036	21.08.2023	14762,52	14959,39	14739,88	14937,21	22836
1037	22.08.2023	15035,6	15038,32	14884,5	14909,48	22716
1038	23.08.2023	14948,1	15189,4	14948,1	15148,59	22820
1039	24.08.2023	15279,47	15279,78	14815,5	14815,5	22960
1040	25.08.2023	14859,45	15001,82	14715,88	14942,35	22746
1041	28.08.2023	15036	15086,76	14949,45	15052,99	22410
1042	29.08.2023	15043,55	15392,1	15035,07	15377,04	22932
1043	30.08.2023	15387,2	15485,37	15342,48	15462,97	22770
1044	31.08.2023	15475,97	15575,56	15466,95	15501,62	22787
1045	01.09.2023	15601,5	15619,4	15429,9	15491,41	22846
1046	05.09.2023	15461,06	15557,39	15420,5	15508,78	22899
1047	06.09.2023	15467,86	15487,54	15290,01	15371,98	22889
1048	07.09.2023	15174,75	15288,73	15139,26	15259,06	23012
1049	08.09.2023	15266,11	15374,76	15244,6	15280,77	22815
1050	11.09.2023	15410,31	15483,38	15328,88	15462,41	22868
1051	12.09.2023	15391,13	15448,39	15279,41	15290,27	22706
1052	13.09.2023	15293,8	15415,15	15257,13	15349,06	22745
1053	14.09.2023	15433,55	15513,36	15337,72	15473,8	22613
1054	15.09.2023	15426,49	15435,99	15174,24	15202,93	22964
1055	18.09.2023	15161,7	15269,5	15155,99	15225,9	22593
1056	19.09.2023	15153,06	15220,46	15069,94	15191,77	22575
1057	20.09.2023	15225,88	15245,73	14968,38	14970,45	22589
1058	21.09.2023	14814	14849,77	14692,2	14694,76	22900
1059	22.09.2023	14757,14	14856,44	14687,36	14701,61	22693
1060	25.09.2023	14663,2	14771,63	14615,96	14770,57	22389
1061	26.09.2023	14668,97	14679	14506,18	14546,34	22654
1062	27.09.2023	14600,65	14657,72	14433,1	14583,03	22975
1063	28.09.2023	14531,47	14788,1	14510,68	14703,31	22840
1064	29.09.2023	14853,87	14902,37	14665,29	14715,76	22585
1065	02.10.2023	14718,41	14892,7	14702,04	14838,09	22396
1066	03.10.2023	14744,57	14820,38	14504,65	14566,11	22456
1067	04.10.2023	14613,74	14803,56	14593,07	14776,82	22648
1068	05.10.2023	14770,07	14785,2	14584,9	14724,52	22568
1069	06.10.2023	14622,74	15021,91	14576,46	14973,77	22793
1070	09.10.2023	14872,09	15071,17	14816,84	15047,73	22502
1071	10.10.2023	15074,57	15242,48	15051,07	15132,05	22714
1072	11.10.2023	15195,06	15248,75	15120,14	15241,65	22707
1073	12.10.2023	15264,64	15334,52	15091,22	15184,63	22986
1074	13.10.2023	15226,26	15232,9	14943,94	14995,62	22750
1075	16.10.2023	15055	15210,03	15047,8	15173,26	22632
1076	17.10.2023	15009,78	15187,59	14933,29	15122,54	22849
1077	18.10.2023	15022,81	15104,4	14866,33	14909,78	22787
1078	19.10.2023	14981,65	15024,43	14749,82	14782,46	22823
1079	20.10.2023	14753,1	14781,74	14552,82	14561,39	22817
1080	23.10.2023	14514,62	14746,83	14419,56	14605,36	22810
1081	24.10.2023	14678,92	14773,79	14610,84	14746,37	22783
1082	25.10.2023	14642,59	14644,21	14362,74	14382,14	23064
1083	26.10.2023	14314,51	14373,01	14060,29	14110,09	22988
1084	27.10.2023	14246,25	14321,54	14130,86	14180,92	23004
1085	30.10.2023	14284,48	14388,71	14226,36	14336,01	23037
1086	31.10.2023	14341,36	14420,95	14232,9	14410,29	22822
1087	01.11.2023	14454,18	14678,37	14442,4	14665,42	22911
1088	02.11.2023	14857,47	14931,29	14793,33	14920,02	23096
1089	03.11.2023	14985,65	15150,31	14965,81	15100,02	23088
1090	06.11.2023	15137,69	15180,72	15065,43	15155,46	22829
1091	07.11.2023	15202,3	15335,98	15153,84	15296,55	22787
1092	08.11.2023	15314,44	15343,72	15221,42	15313,78	22814
1093	09.11.2023	15351,66	15382,64	15171,85	15188,43	22819
1094	10.11.2023	15252,9	15535,75	15237,71	15528,93	22961
1095	13.11.2023	15469,75	15525,21	15405,25	15483,33	22624
1096	14.11.2023	15744,91	15850,89	15726,67	15813,03	22969
1097	15.11.2023	15882,28	15905,18	15765,86	15817,73	22958
1098	16.11.2023	15765,75	15843,19	15738,77	15833,73	22984
1099	17.11.2023	15804,54	15877,42	15767,5	15838,55	22781
1100	20.11.2023	15845,75	16057,32	15845,38	16027,62	22867
1101	21.11.2023	15952,11	15968,65	15867,37	15934,18	22791
1102	22.11.2023	16026,3	16119,88	15964,6	16001,95	22681
1103	24.11.2023	15975,41	16007,99	15941,18	15982,57	12285
1104	27.11.2023	15970,28	16045,86	15932,75	15962,56	22617
1105	28.11.2023	15940,85	16032,08	15921,62	16010,99	22902
1106	29.11.2023	16111,93	16167,08	15977,25	15988,16	22798
1107	30.11.2023	15988,22	16014,04	15826,22	15949,38	22852
1108	01.12.2023	15893,14	16014,31	15835,48	15997,55	22809
1109	04.12.2023	15837,68	15853	15696,13	15840,22	22767
1110	05.12.2023	15764,21	15932,4	15761,14	15880,15	22861
1111	06.12.2023	15990,76	15991,5	15777,5	15788,6	22765
1112	07.12.2023	15888,79	16043,07	15876,03	16023,05	22966
1113	08.12.2023	15953,41	16101,42	15938,14	16085,25	21887
1114	11.12.2023	16070,18	16232,82	16062,44	16222,3	23105
1115	12.12.2023	16210,18	16354,82	16176,03	16354,82	22865
1116	13.12.2023	16392,75	16581,62	16357,78	16562,95	22731
1117	14.12.2023	16604,12	16661,29	16419,84	16538,4	23079
1118	15.12.2023	16587,58	16670,36	16557,59	16624,03	22869
1119	18.12.2023	16631,69	16764,9	16629,87	16730,39	22931
1120	19.12.2023	16734,84	16813,6	16733,96	16812,44	22605
1121	20.12.2023	16764,23	16861,27	16553,78	16554,78	22538
1122	21.12.2023	16720,2	16768,61	16622,1	16757,99	22444
1123	22.12.2023	16799,61	16839,84	16704,16	16777,99	22162
1124	26.12.2023	16817,37	16908,1	16814,15	16879,05	21947
1125	27.12.2023	16896,73	16922,61	16860,14	16907,39	22031
1126	28.12.2023	16964,11	16969,76	16891,91	16899,06	22039
1127	29.12.2023	16903,04	16920,1	16758,47	16826,52	22172
1128	02.01.2024	16667,88	16687,19	16453,73	16544,52	22762
1129	03.01.2024	16411,09	16471,65	16352,71	16369,06	22527
1130	04.01.2024	16291,35	16420,01	16277	16282,58	22549
1131	05.01.2024	16282,31	16415,97	16249,76	16306,55	22632
1132	08.01.2024	16352,58	16655,81	16349,96	16650,46	22810
1133	09.01.2024	16532,54	16711,47	16514,31	16679,29	22847
1134	10.01.2024	16703,14	16827,96	16655,32	16793,63	22689
1135	11.01.2024	16852,78	16898,75	16619,44	16821,49	22726
1136	12.01.2024	16855,59	16900,96	16777,5	16833,51	22331
1137	16.01.2024	16775,68	16895,92	16727,18	16831,3	22836
1138	17.01.2024	16706,09	16749,7	16562,07	16736,87	22876
1139	18.01.2024	16894,92	16997,58	16818,72	16982,88	22995
1140	19.01.2024	17060,74	17317,82	17042,45	17314,61	23081
1141	22.01.2024	17404,23	17450,91	17310,47	17330,99	22811
1142	23.01.2024	17347,56	17411,47	17286,62	17404,81	22911
1143	24.01.2024	17562,93	17665,88	17482,58	17499,86	23091
1144	25.01.2024	17589,89	17631,95	17430,98	17517,6	23188
1145	26.01.2024	17433,48	17515,37	17396,14	17421,61	23079
1146	29.01.2024	17438,64	17604,57	17415,23	17596,89	22916
1147	30.01.2024	17557,11	17579,07	17444,38	17477,32	23147
1148	31.01.2024	17270,58	17375,93	17129,34	17137,8	22867
1149	01.02.2024	17217,6	17357,37	17176,43	17345,32	22971
1150	02.02.2024	17416,55	17682,16	17378,98	17643,35	23122
1151	05.02.2024	17635,31	17656,39	17470,23	17613,62	23034
1152	06.02.2024	17665,06	17681,24	17476,05	17575,01	23034
1153	07.02.2024	17675,21	17784,79	17638,35	17755,69	22996
1154	08.02.2024	17758,22	17814,75	17729,17	17783,79	23094
1155	09.02.2024	17821,6	17988,53	17799,44	17963,03	23090
1156	12.02.2024	17942,91	18042,09	17860,28	17883,29	23121
1157	13.02.2024	17520,41	17718,29	17478,84	17601,04	22936
1158	14.02.2024	17729,52	17815,35	17620,54	17808,25	22784
1159	15.02.2024	17815,94	17865,21	17722,93	17846,35	23080
1160	16.02.2024	17854,22	17864,78	17664,02	17686,6	23020
1161	20.02.2024	17591,78	17657,7	17400,02	17546,71	22942
1162	21.02.2024	17413,4	17482,74	17320,04	17479,52	22951
1163	22.02.2024	17858,38	18035,44	17808,88	18005,33	23126
1164	23.02.2024	18053,22	18092,26	17903,74	17938,24	22817
1165	26.02.2024	17970,84	18014,74	17927,29	17933,93	22949
1166	27.02.2024	17963,21	17988,17	17871,68	17971,63	22901
1167	28.02.2024	17895,65	17931,64	17840,98	17875,13	22709
1168	29.02.2024	17992,3	18069,15	17866,89	18044,43	22943
1169	01.03.2024	18069,92	18333,83	18065,07	18303,55	23129
1170	04.03.2024	18292,25	18314,07	18218,88	18227,12	23221
1171	05.03.2024	18089,34	18098,13	17805,12	17898,49	23057
1172	06.03.2024	18084,14	18143,51	17942,27	18018,21	23073
1173	07.03.2024	18162,37	18338,6	18102,07	18298,63	23134
1174	08.03.2024	18313,43	18417,37	17996,01	18019,08	23065
1175	11.03.2024	17960,31	18003,68	17873,95	17952,32	22870
1176	12.03.2024	18063,66	18229,01	17919,96	18219,75	22917
1177	13.03.2024	18152,39	18164,38	18031,03	18069,1	22901
1178	14.03.2024	18115,32	18143,54	17914,26	18015,44	23067
1179	15.03.2024	17927,54	17931,1	17765,61	17808,87	23065
1180	18.03.2024	18024,87	18124,96	17973,72	17985,64	22960
1181	19.03.2024	17903,14	18040,45	17809,77	18032,84	22981
1182	20.03.2024	18068,33	18249,76	18003,87	18240,75	22981
1183	21.03.2024	18438,89	18465,35	18317,74	18321,02	23093
1184	22.03.2024	18293,79	18386,9	18268,13	18340,08	22920
1185	25.03.2024	18216,18	18337,99	18189,91	18277,7	22914
1186	26.03.2024	18329,93	18379,34	18209,2	18211,17	22861
1187	27.03.2024	18338,83	18344,73	18168,84	18281,48	22985
1188	28.03.2024	18264,05	18308,96	18232,02	18255,33	22712
1189	01.04.2024	18281,46	18392,23	18211,91	18290,65	22666
1190	02.04.2024	18077,07	18136,21	18002,9	18122,43	22668
1191	03.04.2024	18055,08	18239,3	18046,05	18160,83	22706
1192	04.04.2024	18331,66	18362,93	17876,51	17879,41	22958
1193	05.04.2024	17940,91	18203,59	17913,49	18109,09	22793
1194	08.04.2024	18131,08	18179,29	18051,32	18100,83	22420
1195	09.04.2024	18189,5	18210,66	17973,7	18170,54	22637
1196	10.04.2024	17958,58	18041,46	17933,04	18012,29	22613
1197	11.04.2024	18085,75	18337,79	17998,88	18308,62	22955
1198	12.04.2024	18118,31	18167,13	17952,71	18004,12	22816
1199	15.04.2024	18143,89	18152,72	17676,96	17707,45	22802
1200	16.04.2024	17692,07	17817,4	17661,51	17714,28	22617
1201	17.04.2024	17786,45	17789,16	17460,18	17494,23	22756
1202	18.04.2024	17515,38	17591,43	17377,1	17394,92	22800
1203	19.04.2024	17335,32	17362,89	16974,54	17038,03	22993
1204	22.04.2024	17161,71	17305,76	17010,85	17211,49	22922
1205	23.04.2024	17297,84	17513,92	17277,86	17471,38	22740
1206	25.04.2024	17327,19	17473,53	17323,13	17431,72	25697
1207	26.04.2024	17567,45	17770,76	17542,63	17719,53	46381
1208	29.04.2024	17802,38	17816,21	17675,94	17783,95	46261
1209	30.04.2024	17721,59	17764,4	17441,91	17441,91	46129
1210	01.05.2024	17383,99	17660,5	17288,08	17319,76	46087
1211	02.05.2024	17476,13	17575,11	17297,86	17542,76	46233
1212	03.05.2024	17849,9	17915,93	17790,53	17892,04	45965
1213	06.05.2024	17952,24	18094,93	17945,54	18094,83	45883
1214	07.05.2024	18107,59	18156,16	18064,99	18092,71	45841
1215	08.05.2024	17988,96	18134,16	17988,96	18086,27	45469
1216	09.05.2024	18097,06	18137,84	18018,59	18114,73	45263
1217	10.05.2024	18172,41	18245,36	18104,15	18162,45	45081
1218	13.05.2024	18229,68	18230,96	18154,81	18200,99	45271
1219	14.05.2024	18188,77	18338,79	18181,63	18322,18	45539
1220	15.05.2024	18414,09	18607,7	18365,78	18597,95	45759
1221	16.05.2024	18591,27	18669,71	18557,74	18559,26	45665
1222	17.05.2024	18573,12	18590,17	18465,83	18547,52	45385
1223	20.05.2024	18560,51	18703,96	18556,22	18678,2	45259
1224	21.05.2024	18605,28	18721,16	18597,11	18715,1	45523
1225	22.05.2024	18734,85	18756,44	18613,59	18706,51	45757
1226	23.05.2024	18908,45	18908,45	18562,17	18624,69	45883
1227	24.05.2024	18670,66	18852,73	18669,4	18809,66	45197
1228	28.05.2024	18856,46	18874,91	18760,86	18870,76	45835
1229	29.05.2024	18709,38	18813,36	18709,34	18738,06	45083
1230	30.05.2024	18684,55	18701,12	18494,87	18539,95	45709
1231	31.05.2024	18552,1	18572,96	18194,71	18537,94	46065
1232	03.06.2024	18668,02	18703,65	18395,95	18602,27	45999
1233	04.06.2024	18599,3	18698,51	18527,94	18656,14	45401
1234	05.06.2024	18792,59	19036,79	18778,04	19036,38	45953
1235	06.06.2024	19054,33	19069,39	18984,25	19022,52	45953
1236	07.06.2024	18993,9	19113,37	18966,01	19002,28	45155
1237	10.06.2024	18946,63	19086,7	18945,04	19076	46281
1238	11.06.2024	19032,72	19212,36	18972,17	19211,52	46103
1239	12.06.2024	19359,61	19551,94	19353,13	19466,54	46101
1240	13.06.2024	19610,42	19636,22	19479,72	19572,64	45841
1241	14.06.2024	19558,58	19663,87	19543,34	19661,17	45745
1242	17.06.2024	19683,28	19975,49	19631	19907,74	46183
1243	18.06.2024	19905,82	19940,11	19841,37	19910,25	46073
1244	20.06.2024	19964,36	19977,63	19689,76	19753,67	46365
1245	21.06.2024	19723,75	19800,81	19652,18	19701,8	46179
1246	24.06.2024	19649,6	19721,45	19475,98	19475,98	46085
1247	25.06.2024	19557,2	19712,48	19530,61	19702,5	45845
1248	26.06.2024	19672,44	19762,04	19662,53	19752,42	46263
1249	27.06.2024	19741,89	19848,78	19705,68	19790,41	46139
1250	28.06.2024	19818,39	20012,58	19677,47	19684,24	45901
1251	01.07.2024	19721,49	19826,92	19584,51	19813,6	46049
1252	02.07.2024	19747,6	20015,07	19745,95	20013,29	45775
1253	03.07.2024	19996,67	20188,04	19996,67	20188,04	25093
1254	05.07.2024	20225,54	20406,39	20206,85	20393,39	45695
1255	08.07.2024	20395,31	20449	20368,05	20440,97	45867
1256	09.07.2024	20505,61	20541,37	20400,43	20454,46	46027
1257	10.07.2024	20534,71	20686,82	20484,06	20676,83	46037
1258	11.07.2024	20662,86	20668,12	20168,62	20212,77	46319
1259	12.07.2024	20227,65	20526,23	20227,41	20332,92	45979
1260	15.07.2024	20402,44	20584,88	20308,92	20388,3	46087
1261	16.07.2024	20442,96	20475,13	20273,7	20400,05	45917
1262	17.07.2024	20041,27	20065,35	19799,31	19800,53	46419
1263	18.07.2024	19937,64	19939,98	19582,6	19706,47	46347
1264	29.07.2024	19123,77	19221,92	18982,7	19060,82	45785
1265	30.07.2024	19130,9	19162,38	18670,72	18797,59	46391
1266	31.07.2024	19224,19	19422,35	19173,52	19363,78	46281
1267	01.08.2024	19377,32	19531,72	18744,46	18891,71	46437
1268	02.08.2024	18495,54	18615,76	18283,59	18442,14	46051
1269	05.08.2024	17445,62	18164,11	17444,29	17896,41	45209
1270	06.08.2024	17962,71	18367,09	17868,78	18079,18	46341
1271	07.08.2024	18346,73	18442,55	17857,31	17868,62	46247
1272	08.08.2024	18103,31	18443,22	17976,5	18415,11	46189
1273	09.08.2024	18375,18	18562,79	18318,42	18514,4	45697
1274	12.08.2024	18549,53	18662,98	18441,87	18543,32	45395
1275	13.08.2024	18726,15	19012,48	18725,92	19009,12	46207
1276	14.08.2024	19045,09	19101,51	18842,09	19024,01	45739
1277	15.08.2024	19253,21	19503,26	19250,85	19491,51	46161
1278	16.08.2024	19395,08	19560,63	19393,28	19509,89	45669
1279	19.08.2024	19523,3	19768,34	19449,04	19767,87	45589
1280	20.08.2024	19737,73	19834,05	19659,43	19721,2	45579
1281	21.08.2024	19759,85	19884,13	19696	19826,23	44857
1282	22.08.2024	19912,67	19932,71	19467,06	19493,2	45969
1283	23.08.2024	19670,47	19819,09	19527,31	19722,25	1
1284	26.08.2024	19679,93	19727,59	19438,02	19517,12	0
1285	27.08.2024	19451,25	19618,61	19370,21	19582,21	0
1286	28.08.2024	19568,13	19587,73	19222,15	19351,46	0
1287	29.08.2024	19425,96	19623,42	19282,32	19326,13	0
1288	30.08.2024	19506,95	19582,86	19327,29	19575,33	0
1289	03.09.2024	19438,78	19438,78	18870,46	18959,39	0
1290	04.09.2024	18833,3	19071,49	18809,42	18922,06	0
1291	05.09.2024	18865,08	19103,03	18807,49	18930,99	0
1292	06.09.2024	18903,69	18931,43	18401,61	18421,95	0
1293	09.09.2024	18580,45	18694,51	18470,05	18661,43	0
1294	10.09.2024	18723,47	18844,54	18576,13	18830,46	46773
1295	11.09.2024	18867,66	19263,95	18539,7	19238,67	46759
1296	12.09.2024	19237,76	19455,09	19173,84	19424,43	46773
1297	13.09.2024	19397,48	19556,45	19394,65	19515,94	46761
1298	16.09.2024	19414,15	19445,51	19300,41	19424,42	46773
1299	17.09.2024	19541,11	19592,81	19347,61	19433,78	46773
1300	18.09.2024	19479,87	19623,74	19340,67	19345,85	46095
1301	19.09.2024	19800,09	19952,17	19730,89	19841,21	46773
1302	20.09.2024	19817,67	19842,46	19637,19	19792,87	46773
1303	23.09.2024	19850,09	19892,66	19802,57	19853,59	46769
1304	24.09.2024	19918,96	19983,43	19745,51	19946,24	46773
1305	25.09.2024	19923,68	20042,41	19923,68	19974,01	46773
1306	26.09.2024	20274,71	20274,71	19974,49	20116,94	46773
1307	27.09.2024	20148,69	20149,22	19973,02	20010,02	46773
1308	30.09.2024	19960,66	20068,6	19858,13	20062,09	46773
1309	01.10.2024	20047,46	20053,34	19626,78	19774,69	46411
1310	02.10.2024	19727,33	19876,43	19640,37	19803,96	46508
1311	03.10.2024	19713,71	19901,32	19695,7	19794,72	46605
1312	04.10.2024	20026,56	20043,68	19835,41	20036,42	46773
1313	07.10.2024	19956,06	19986,75	19768,21	19802,12	46773
1314	08.10.2024	19903,61	20130,1	19890,69	20109,18	46773
1315	09.10.2024	20098,96	20281,97	20056,29	20270,28	46773
1316	10.10.2024	20166,67	20312,64	20125,97	20243,18	46773
1317	11.10.2024	20156,25	20311,61	20148,19	20273,39	46717
1318	14.10.2024	20367,48	20490,37	20358,5	20440,49	46773
1319	15.10.2024	20444,21	20478,54	20087,73	20161,25	46773
1320	16.10.2024	20174,29	20199,45	20043,33	20175,47	46773
1321	17.10.2024	20376,71	20378,22	20189,89	20191,84	46773
1322	18.10.2024	20289,9	20359,58	20284,57	20325,46	46773
1323	21.10.2024	20281,91	20386,64	20201,41	20362,89	46773
1324	22.10.2024	20258,39	20437,67	20226,72	20385,07	46773
1325	23.10.2024	20304,97	20309,16	19939,5	20068,36	46773
1326	24.10.2024	20199,04	20253,89	20120,99	20234,29	46630
1327	25.10.2024	20356,33	20551,81	20326,93	20353,44	46773
1328	28.10.2024	20456,45	20469,07	20349,07	20352,49	46773
1329	29.10.2024	20370,5	20600,24	20302,79	20552,09	46773
1330	30.10.2024	20512,36	20558,13	20385,57	20389,11	46773
1331	31.10.2024	20228,61	20228,61	19885,16	19891,82	46773
1332	01.11.2024	19957,23	20161,33	19955,41	20034,54	46540
1333	04.11.2024	20012,95	20107,12	19907,53	19965	46773
1334	05.11.2024	20044,33	20249,33	20044,33	20228,88	46773
1335	06.11.2024	20572,73	20807,36	20538,19	20782,79	46773
1336	07.11.2024	20897,87	21131,75	20897,87	21103,05	46773
1337	08.11.2024	21085,06	21155,55	21057	21118,66	46773
1338	11.11.2024	21172,72	21178,35	20998,28	21108,07	46773
1339	12.11.2024	21106,97	21141,09	20954,63	21072,27	46773
1340	13.11.2024	21051,14	21154,53	20964,03	21037,64	46773
1341	14.11.2024	21053,55	21063,45	20869,81	20898,13	46757
1342	15.11.2024	20681,42	20681,42	20319,57	20395,55	46773
1343	18.11.2024	20451,62	20622,61	20406,89	20540,63	46773
1344	19.11.2024	20437,12	20696,8	20430,71	20686,03	46773
1345	20.11.2024	20662,28	20674,54	20411,72	20668,52	46773
1346	21.11.2024	20776,73	20805,55	20446,25	20742,24	46739
1347	22.11.2024	20738,95	20796,05	20666,68	20777,69	46757
1348	25.11.2024	20920,22	20994,25	20716,91	20806,35	46739
1349	26.11.2024	20873,01	20942,1	20835,73	20924,33	46773
1350	27.11.2024	20853,89	20854,22	20621,5	20745,95	46759
1351	29.11.2024	20772,48	20953,63	20761,99	20931,83	34279
1352	02.12.2024	20973,22	21201,3	20973,22	21166,04	46757
1353	03.12.2024	21107,99	21233,62	21091,46	21230,8	46741
1354	04.12.2024	21363,31	21494,98	21346,51	21493,86	46761
1355	05.12.2024	21490,02	21516,52	21416,23	21426,72	46773
1356	06.12.2024	21460,08	21626,64	21459,96	21623,77	46773
1357	09.12.2024	21575,28	21607,94	21403,61	21442,32	46773
1358	10.12.2024	21494,01	21564,06	21317,81	21369,68	46757
1359	11.12.2024	21541,88	21785,23	21540,84	21765,5	46773
1360	12.12.2024	21654,37	21716,27	21602,8	21616,79	46773
1361	13.12.2024	21791,17	21883,48	21649,97	21781,77	46773
1362	16.12.2024	21892,9	22132,86	21886,94	22098,2	46755
1363	17.12.2024	22005,18	22060,1	21929,53	22002,62	46773
1364	18.12.2024	21981,07	22036,97	21166,66	21210,79	46745
1365	19.12.2024	21360,29	21407,42	21098,77	21111,99	46761
1366	20.12.2024	20941,1	21539,73	20925,09	21290,65	46773
1367	23.12.2024	21365,76	21507,68	21232,64	21504,67	46733
1368	24.12.2024	21565,87	21799,17	21563,63	21799,17	34291
1369	26.12.2024	21735,5	21834,25	21652,87	21769,83	46755
1370	27.12.2024	21634,66	21640,51	21295,28	21474,51	46741
1371	30.12.2024	21190,54	21343,4	21052,5	21198,57	46755
1372	31.12.2024	21257,5	21270,21	20982,33	21013,65	46773
1373	02.01.2025	21121,53	21234,13	20805,84	20977,08	46739
1374	03.01.2025	21098,27	21360,05	21081,84	21327,66	46773
1375	06.01.2025	21552,68	21701,24	21466,23	21561,05	46773
1376	07.01.2025	21621,41	21621,41	21105,13	21174,52	46773
1377	08.01.2025	21158,24	21240,14	21002,1	21182,44	46773
1378	10.01.2025	21013,77	21014,46	20730,29	20849,04	46703
1379	13.01.2025	20595,09	20796,46	20545,16	20786,18	46731
1380	14.01.2025	20897,82	20966,01	20632,63	20758,87	46773
1381	15.01.2025	21069,29	21285,64	21038,94	21239,33	46689
1382	16.01.2025	21326,48	21329,86	21090,79	21092,73	46655
1383	17.01.2025	21463,45	21516	21342,13	21442,65	46733
1384	21.01.2025	21559,32	21619,54	21389,65	21568,01	46719
1385	22.01.2025	21757,75	21943,58	21757,75	21854,76	46759
1386	23.01.2025	21738,76	21902,47	21731,58	21902,47	46745
1387	24.01.2025	21917,02	21940,74	21713,33	21775,53	46741
1388	27.01.2025	21001,65	21289,85	20979,16	21128,76	46739
1389	28.01.2025	21187,56	21500,57	21052,24	21464,54	46743
1390	29.01.2025	21474,51	21475,63	21264,43	21412,96	46773
1391	30.01.2025	21521,31	21619,42	21316,74	21509,62	46773
1392	31.01.2025	21663,08	21845,26	21431,55	21479,55	46739
1393	03.02.2025	21086,12	21405,51	21010,75	21299,08	46437
1394	04.02.2025	21321,08	21581,79	21317,25	21568,42	46731
1395	05.02.2025	21455,37	21662,44	21418,02	21659,68	46773
1396	06.02.2025	21675,69	21775,59	21626,51	21775,59	46773
1397	07.02.2025	21777,8	21866,27	21471,24	21492,81	46657
1398	10.02.2025	21671,58	21791,42	21653,73	21758,25	46741
1399	11.02.2025	21630,63	21774,14	21630,53	21695,04	46725
1400	12.02.2025	21476,91	21746,11	21461,83	21720,78	46761
1401	13.02.2025	21787,68	22036,68	21766,06	22032,25	46719
1402	14.02.2025	22040,15	22137,25	22018,57	22116,23	46773
1403	18.02.2025	22177,57	22185,42	22035,32	22166,17	46741
1404	19.02.2025	22123,27	22222,7	22051,12	22177,18	46775
1405	20.02.2025	22134,25	22141,18	21892,79	22069,6	46775
1406	21.02.2025	22112,08	22114,2	21601,09	21615,6	46775
1407	24.02.2025	21670,88	21720,5	21348,84	21353,58	46761
1408	25.02.2025	21320,27	21320,32	20939,62	21088,73	46699
1409	26.02.2025	21171,99	21349,77	21017,91	21134,4	46749
1410	27.02.2025	21282,84	21317,8	20548,9	20552,39	46615
1411	28.02.2025	20520,09	20894,49	20423,11	20876,68	46713
1412	03.03.2025	20991,04	21061	20288,38	20427	46281
1413	04.03.2025	20283,31	20686,92	20051,03	20353,95	46683
1414	05.03.2025	20364,64	20686,97	20191,99	20629,9	45393
1415	06.03.2025	20233,16	20468,93	19975,83	20054,03	46295
1416	07.03.2025	20017,02	20241,61	19744,95	20202,79	46043
1417	10.03.2025	19828,34	19858,29	19251,23	19432,31	46205
1418	11.03.2025	19410,65	19649,76	19189,85	19377,28	44639
1419	12.03.2025	19664,77	19746,13	19387,6	19597,4	46589
1420	13.03.2025	19535,73	19550,75	19157,77	19226,82	46759
1421	14.03.2025	19460,25	19725,19	19445,55	19701,06	46683
1422	17.03.2025	19672,07	19943,95	19630,57	19815,94	46589
1423	18.03.2025	19657,8	19667,44	19403,88	19487,36	46617
1424	19.03.2025	19577,01	19912,27	19502,49	19737,42	46769
1425	20.03.2025	19558,96	19888,32	19556,66	19678,3	46773
1426	21.03.2025	19467,12	19763,1	19422,94	19754,66	46773
1427	24.03.2025	20041,91	20198,44	20034,98	20181,15	46773
1428	25.03.2025	20197,2	20290,54	20169,81	20288,54	46773
1429	26.03.2025	20239,76	20264,88	19853,79	19917,69	46745
1430	27.03.2025	19815,3	19998,17	19746,55	19799,31	46773
1431	28.03.2025	19719,15	19746,64	19246,71	19282,1	46737
1432	31.03.2025	18999,2	19313,86	18808,25	19268,49	46729
1433	01.04.2025	19193,44	19467,31	19101,46	19437,1	46773
1434	02.04.2025	19183,06	19704,27	19170,19	19582,47	46773
1435	03.04.2025	18799,2	18890,93	18510,59	18522,13	46729
1436	04.04.2025	18022,79	18067,11	17390,68	17394,55	44521
1437	07.04.2025	16771,87	18153,75	16559,86	17446,53	42377
1438	08.04.2025	18035,09	18193,52	16870,07	17112,18	46417
1439	09.04.2025	17117,13	19207,17	17098,03	19145,73	45737
1440	10.04.2025	18626,76	18688,09	17815,58	18344,21	46373
1441	11.04.2025	18309,93	18719,76	18173,32	18690,7	46657
1442	14.04.2025	19096,16	19101,92	18622,87	18796,68	46773
1443	15.04.2025	18832,64	18998,01	18757,19	18830,89	46773
1444	16.04.2025	18476,41	18592,83	17999,39	18258,28	46737
1445	17.04.2025	18370,5	18396,99	18150,3	18258,73	46711
1446	21.04.2025	18023,64	18037,69	17594,94	17808,9	46741
1447	22.04.2025	18034,5	18391,83	18000,44	18277,05	46773
1448	23.04.2025	18871,28	19040,48	18622,21	18693,91	46417
1449	24.04.2025	18757,19	19221,36	18751,71	19215,1	46773
1450	25.04.2025	19210,39	19445,32	19139,87	19433,24	46773
1451	28.04.2025	19433,4	19516,41	19171,43	19427,97	46757
1452	29.04.2025	19316,63	19582,05	19311,3	19545,63	46773
1453	30.04.2025	19168,76	19603,38	19018,72	19555,05	46747
1454	01.05.2025	19867,53	20021,1	19772,6	19787,4	46755
1455	02.05.2025	19987,31	20176,41	19946,27	20103,31	46759
1456	05.05.2025	19929,52	20100,56	19909,8	19968,64	46757
1457	06.05.2025	19710,33	19918,43	19667,67	19792,03	46775
1458	07.05.2025	19805,2	19944,48	19611,79	19868,67	46695
1459	08.05.2025	20068,13	20248,23	19914,55	20064,27	46777
1460	09.05.2025	20171,08	20199,39	19992,82	20062,15	46761
1461	12.05.2025	20819,51	20869,24	20622,92	20868,88	46757
1462	13.05.2025	20907,65	21258,94	20901,59	21198,4	46773
1463	14.05.2025	21255,21	21335,03	21206,17	21319,96	46739
1464	15.05.2025	21207,47	21443,33	21175,56	21336,57	46737
1465	16.05.2025	21376,37	21428,69	21253,22	21428,69	46773
1466	19.05.2025	21138,87	21463,83	21138,87	21447,8	46757
1467	20.05.2025	21348,38	21398,61	21235,43	21368,12	46773
1468	21.05.2025	21218,05	21482,31	21007,34	21081,1	46773
1469	22.05.2025	21098,2	21260,34	21055,93	21113,21	46773
1470	23.05.2025	20807,1	21022,97	20791,84	20916,38	46773
1471	27.05.2025	21202,19	21428,11	21152,6	21415,74	46743
1472	28.05.2025	21452,44	21503,55	21305,55	21318,92	46741
1473	29.05.2025	21612,3	21612,3	21274,98	21364,7	46773
1474	30.05.2025	21331,6	21379,68	21039,08	21341,74	46586
1475	02.06.2025	21271,31	21496,29	21210,63	21492,5	46727
1476	03.06.2025	21530,73	21715,75	21481,47	21663,34	46741
1477	04.06.2025	21689,78	21760,89	21614,07	21722,68	46747
1478	05.06.2025	21783,1	21887,04	21482,34	21548,18	46759
1479	06.06.2025	21778,3	21834,25	21703,21	21762,55	46743
1480	09.06.2025	21779,94	21853,52	21736,29	21798,63	46747
1481	10.06.2025	21820,54	21958,84	21741,09	21942,69	46773
1482	11.06.2025	21994,93	22041,09	21787,13	21861,6	46759
1483	12.06.2025	21827,55	21950,3	21815,25	21914,09	46773
1484	13.06.2025	21676,7	21838,18	21598,36	21631,8	46723
1485	16.06.2025	21783,84	21978,67	21783,84	21938,34	46725
1486	17.06.2025	21859,66	21892,85	21691,88	21719,84	46759
1487	18.06.2025	21746,3	21862,23	21672,73	21720,45	46773
1488	20.06.2025	21835,25	21899,45	21557,74	21627,15	46773
1489	23.06.2025	21633,54	21868,9	21546,53	21857,09	46773
1490	24.06.2025	22054,1	22219,74	22054,1	22191,3	46757
1491	25.06.2025	22280,47	22327,32	22182,41	22238,52	46759
1492	26.06.2025	22329,02	22466,36	22261,97	22448,08	46741
1493	27.06.2025	22485,66	22602,15	22386,88	22535	46773
1494	30.06.2025	22633,71	22719,2	22568,51	22679,8	46773
1495	01.07.2025	22595,27	22630,28	22393,89	22478,93	46773
1496	02.07.2025	22452,6	22643,73	22450,73	22642,68	46691
1497	03.07.2025	22752,44	22895,65	22742,69	22867,77	34261
1498	07.07.2025	22755,18	22774,96	22591,68	22686,36	46715
1499	08.07.2025	22736,06	22760,89	22656,99	22703,04	46689
1500	09.07.2025	22801,16	22913,19	22738,61	22865,71	46717
1501	10.07.2025	22891,23	22903	22723,91	22830,06	46747
1502	11.07.2025	22758,79	22835,97	22701,13	22781,4	46687
1503	14.07.2025	22780,99	22886,61	22682,21	22856,43	46773
1504	15.07.2025	23037,67	23047,72	22881,33	22885,39	46773
1505	16.07.2025	22896,1	22927,24	22676,3	22908,77	46425
1506	17.07.2025	22931,82	23104,02	22910,32	23081,86	46774
1507	18.07.2025	23135,9	23147,52	23020,91	23066,28	46695
1508	21.07.2025	23125,78	23262,9	23125,78	23180,87	46673
1509	22.07.2025	23182,83	23185,23	22960,51	23064,39	46713
1510	23.07.2025	23101,06	23166,38	23005,55	23163,22	46715
1511	24.07.2025	23229,6	23268,13	23154,56	23220,67	46725
1512	25.07.2025	23205,47	23326,05	23198,82	23273,06	46703
1513	28.07.2025	23343,95	23385,28	23307,09	23357,09	46711
1514	29.07.2025	23478,66	23509,52	23286,45	23309,1	46681
1515	30.07.2025	23338,15	23445,09	23238,73	23346,23	46681
1516	31.07.2025	23590,2	23590,2	23184,93	23218,93	46747
1517	01.08.2025	22941,86	22948,77	22678,27	22764,11	46701
1518	04.08.2025	22987,57	23189,91	22982,15	23189,42	46739
1519	05.08.2025	23236,12	23283,7	23012,22	23019,37	46727
1520	06.08.2025	23071,76	23330,19	23050,46	23315,86	46721
1521	07.08.2025	23484,24	23555,47	23228,64	23390,35	46729
1522	08.08.2025	23458,96	23618,82	23447,14	23612,1	46721
1523	11.08.2025	23629,84	23697,24	23490,86	23527,45	46661
1524	12.08.2025	23652,44	23840,92	23532,03	23840	46679
1525	13.08.2025	23935,9	23965,67	23794,15	23849,87	46585
1526	14.08.2025	23775,84	23906,75	23763,12	23833,27	46661
1527	15.08.2025	23810	23810	23655,48	23712,9	46773
1528	18.08.2025	23692,96	23731,91	23640,17	23714,59	46773
1529	19.08.2025	23689,84	23689,84	23349,04	23385,59	46773
1530	20.08.2025	23344,23	23344,23	22963,65	23250,38	46773
1531	21.08.2025	23183,57	23262,14	23049,83	23143,39	46751
1532	22.08.2025	23185,8	23573,94	23150,24	23498,94	46773
1533	25.08.2025	23455,1	23546,13	23387,09	23426,4	46771
1534	26.08.2025	23421,67	23529	23376,87	23526,11	46773
1535	27.08.2025	23500,49	23591,08	23443,21	23566,67	46773
1536	28.08.2025	23602,18	23738,21	23526,46	23704,28	46773
1537	29.08.2025	23608,37	23608,37	23358,96	23416,24	46773
1538	02.09.2025	23021,28	23239,84	22987,19	23231,92	46711
1539	03.09.2025	23389,1	23476,89	23281,84	23415,66	46745
1540	04.09.2025	23443,01	23636,77	23377,82	23633,84	46629
1541	05.09.2025	23842,81	23849,36	23484,62	23653,27	46731
1542	08.09.2025	23760,45	23848,91	23729,3	23763,1	46757
1543	09.09.2025	23825,16	23851,03	23703,07	23840,6	46614
1544	10.09.2025	23932,16	23955,52	23765,03	23850,1	46715
1545	11.09.2025	23957,41	24014,92	23886,82	23993,4	46733
1546	12.09.2025	24031,61	24136,59	23989,08	24093,03	46541
1547	15.09.2025	24179,4	24296,51	24178,6	24294,63	46723
1548	16.09.2025	24343,6	24343,6	24246,95	24275,1	46743
1549	17.09.2025	24287,28	24290,21	24007,6	24224,54	46773
1550	18.09.2025	24422,06	24552,96	24358,57	24455,75	46723
1551	19.09.2025	24529,3	24636,67	24472	24627,11	46725
1552	22.09.2025	24589,04	24779,55	24584,63	24761,94	46727
1553	23.09.2025	24753,61	24757,52	24547,76	24581,03	46695
1554	24.09.2025	24649,83	24650,73	24392,61	24504,43	46695
1555	25.09.2025	24322,58	24459,7	24193,45	24398,16	46727
1556	26.09.2025	24411,8	24506,99	24302,63	24504,71	46761
1557	29.09.2025	24629,88	24739,33	24564,01	24612,21	46729
1558	30.09.2025	24598,3	24686,93	24512,78	24680,85	46725
1559	01.10.2025	24540,11	24815,9	24526,52	24801,73	46535
1560	02.10.2025	24934,36	24937,67	24784,99	24893,63	46743
1561	03.10.2025	24932,29	24956,03	24719,51	24786,39	46733
1562	06.10.2025	24987,13	25043,21	24915,02	24979,43	46757
1563	07.10.2025	25032,66	25053,15	24787,96	24841,1	46773
1564	08.10.2025	24888,19	25140,5	24885,84	25137,5	46534
1565	09.10.2025	25125,67	25133,7	24970,35	25099,06	46755
1566	10.10.2025	25117,71	25193,22	24216,31	24222,6	46291
1567	13.10.2025	24690,77	24778,98	24571,57	24751,12	38185
1568	14.10.2025	24443,79	24763,82	24265,53	24580,18	46667
1569	15.10.2025	24808,21	24930,37	24506,39	24746,23	46773
1570	16.10.2025	24883,09	24995,38	24485,97	24658,1	46741
1571	17.10.2025	24601,41	24879,36	24520,01	24818,82	46743
1572	20.10.2025	24992	25183,71	24992	25141,9	46773
1573	21.10.2025	25140,7	25177,43	25052,14	25128,01	46773
1574	22.10.2025	25094,52	25124,17	24658,39	24880	46773
1575	23.10.2025	24870,5	25126,81	24865,54	25098,3	46773
1576	24.10.2025	25308,64	25418,75	25297,96	25359,05	46773
1577	27.10.2025	25702,85	25834,19	25662,35	25822,45	46773
1578	28.10.2025	25933,55	26086,69	25870,77	26013,07	46773
1579	29.10.2025	26148,64	26179,07	25919,98	26120,76	46651
1580	30.10.2025	25954,69	26021,42	25735,32	25735,71	46745
1581	31.10.2025	26056,88	26057,47	25765,8	25859,04	46773
1582	03.11.2025	26115,02	26126,24	25894,41	25973,85	46665
1583	04.11.2025	25581,24	25758,5	25420,36	25436,6	46773
1584	05.11.2025	25434,12	25748,77	25377,63	25620,93	46773
1585	06.11.2025	25569,13	25569,13	25095,36	25130,92	46773
1586	07.11.2025	24978,6	25064	24606,73	25060,69	46773
1587	10.11.2025	25419,06	25650,07	25366,86	25612,64	46653
1588	11.11.2025	25501,82	25587,26	25388,3	25534,38	46773
1589	12.11.2025	25663,09	25663,26	25396,71	25518,22	46773
1590	13.11.2025	25387,84	25387,96	24922,29	24994,33	46773
1591	14.11.2025	24659,41	25194,85	24542,09	25009,12	46729
1592	17.11.2025	24891	25164,03	24658,21	24800,79	46773
1593	18.11.2025	24652,64	24717,82	24310,38	24504	46579
1594	19.11.2025	24518,13	24898,95	24439,94	24641,38	46731
1595	20.11.2025	25132,37	25220,46	24044,48	24055,22	46481
1596	21.11.2025	24138,5	24518,77	23870,76	24240,42	46533
1597	24.11.2025	24463,73	24915,42	24460,04	24874,72	46753
1598	25.11.2025	24790,94	25066,16	24561,54	25019,24	46727
1599	26.11.2025	25169,19	25307,67	25086,68	25237,82	46757
1600	28.11.2025	25311,17	25435,8	25288,68	25435,78	34285
1601	01.12.2025	25233,63	25441,74	25168,33	25343,74	46775
1602	02.12.2025	25450,76	25619,81	25374,36	25556,75	46773
1603	03.12.2025	25444,6	25639,66	25399,67	25607,44	46773
1604	04.12.2025	25659,04	25659,04	25458,29	25582,6	46773
1605	05.12.2025	25658,68	25821,61	25624,25	25692,95	46773
1606	08.12.2025	25759,72	25815,43	25536,54	25628,85	46596
1607	09.12.2025	25594,57	25697,31	25541,6	25669,59	46717
1608	10.12.2025	25632,49	25827,42	25508,9	25777,34	46755
1609	11.12.2025	25599,29	25694,91	25380,7	25687,58	46703
1610	12.12.2025	25532,44	25599,76	25112,36	25197,61	46595
1611	15.12.2025	25353,76	25370,33	25037,06	25068,14	46715
1612	16.12.2025	24992,36	25186,56	24929,4	25133,82	46673
1613	17.12.2025	25168,74	25174,79	24648,47	24648,47	46731
1614	18.12.2025	25032,37	25161,91	24932,06	25020,25	46725
1615	19.12.2025	25148,2	25350,87	25143,33	25347,07	46731
1616	22.12.2025	25528,57	25549,96	25407,72	25462,6	46741
1617	23.12.2025	25442,31	25589,82	25407,19	25588,73	46761
1618	24.12.2025	25583,24	25663,56	25567,11	25657,05	34249
1619	26.12.2025	25693,58	25713,21	25625,42	25645,29	46725
1620	29.12.2025	25463,14	25594,19	25444,6	25526,45	46773
1621	30.12.2025	25510,77	25575,8	25461,39	25463,45	46741
1622	31.12.2025	25465,6	25476,08	25250,07	25250,73	46743
1623	02.01.2026	25525,16	25591	25091,86	25207,05	46743
1624	05.01.2026	25472,68	25519,42	25368,98	25402,21	46757
1625	06.01.2026	25462,95	25651,3	25434,99	25640,61	46727
1626	07.01.2026	25618,7	25812,04	25601,63	25654,8	46759
1627	08.01.2026	25616,25	25620,45	25408,28	25508	46773
1628	09.01.2026	25519,71	25811	25467,87	25767,16	46749
1629	12.01.2026	25617,71	25849,23	25614,77	25788,56	46743
1630	13.01.2026	25780,18	25863,09	25646,97	25742,85	46757
1631	14.01.2026	25576,47	25618,11	25270,35	25466,83	46735
1632	15.01.2026	25768,2	25773,25	25530,73	25547,97	46757
1633	16.01.2026	25711,5	25724,06	25452,34	25530,15	46757
1634	20.01.2026	25155,91	25276,42	24961,19	24988,44	46729
1635	21.01.2026	25049,43	25491,44	25001,57	25327,47	46633
1636	22.01.2026	25549,27	25576,38	25406,9	25519,24	46743
1637	23.01.2026	25502,8	25707,41	25445,56	25606,37	46745
1638	26.01.2026	25631,91	25794,77	25592,73	25714,11	46757
1639	27.01.2026	25852,95	25982,28	25798,23	25940,65	46745
1640	28.01.2026	26122,65	26159,68	25980,51	26023,7	46625
1641	29.01.2026	26030,99	26030,99	25424,5	25885,2	46773
1642	30.01.2026	25741,09	25815,73	25461,32	25553,28	46773
1643	02.02.2026	25492,53	25831,4	25491,47	25739,51	46773
1644	03.02.2026	25811,95	25827,83	25115,36	25339,51	46711
1645	04.02.2026	25241,26	25268,76	24688,99	24892,11	46719
1646	05.02.2026	24615,72	24840,64	24464,49	24549,55	46763
1647	06.02.2026	24656,11	25130,03	24646,12	25076,65	46773
1648	09.02.2026	24954,55	25337,71	24895	25269,02	46773
1649	10.02.2026	25315,12	25357,53	25118,4	25128,52	46773
1650	11.02.2026	25336,8	25372,95	24991,49	25202,14	46773
1651	12.02.2026	25262,21	25296,94	24648,45	24688,47	46773
1652	13.02.2026	24663,81	24918,21	24521,92	24733,6	46773
1653	17.02.2026	24568,41	24815,75	24395,59	24702,5	46773
1654	18.02.2026	24745,74	25055,43	24709,91	24899,74	46773
1655	19.02.2026	24772,52	24887,89	24695,38	24798,21	46773
1656	20.02.2026	24638,18	25073,5	24637,2	25013,5	46773
1657	24.02.2026	24764,71	25021,91	24656,45	24977,91	46761
1658	25.02.2026	25138,6	25341,21	25138,6	25329,93	46773
1659	26.02.2026	25279,13	25281,19	24828,83	25035,25	37142
1660	27.02.2026	24809	24985,45	24762,46	24960,91	46693
1661	02.03.2026	24604,28	25058,01	24587,22	24993,5	46535
1662	03.03.2026	24498,24	24805,62	24320,09	24720,95	46773
1663	04.03.2026	24851,81	25178,25	24803,01	25094,56	46773
1664	05.03.2026	24993,6	25168,55	24752,62	25021,29	46773
1665	06.03.2026	24664,6	24879,42	24591,05	24643,87	46773
1666	09.03.2026	24430,53	25002,89	24307,13	24968,12	46773
1667	10.03.2026	25003,49	25187,15	24877,81	24957,34	46773
1668	11.03.2026	25054,12	25142,59	24866,51	24965,88	46773
1669	12.03.2026	24772,19	24802,05	24527,04	24534,44	46773
1670	13.03.2026	24661,05	24780,37	24340,86	24381,58	46773
1671	16.03.2026	24647,04	24781,12	24612,19	24656,2	46773
1672	17.03.2026	24761,14	24881,37	24729,85	24781,29	46773
1673	18.03.2026	24727,94	24758,18	24423,71	24425,94	46773
1674	19.03.2026	24120,21	24452,47	24111,19	24356,13	46759
1675	20.03.2026	24258,41	24262,5	23770,07	23898,99	46775
1676	23.03.2026	24271,62	24460,5	24104,8	24189,44	46773
1677	24.03.2026	24043,07	24167,54	23937,76	24003,29	46761
1678	25.03.2026	24237,2	24306,86	24092,48	24163,83	46773
1679	26.03.2026	23914,03	24018,84	23582,53	23587,82	46773
1680	27.03.2026	23464,57	23468,52	23093,47	23133,58	46761
